image,dice_hemorrhages,recall_hemorrhages,dice_microaneurysms,recall_microaneurysms,dice_hard_exudates,recall_hard_exudates,dice_soft_exudates,recall_soft_exudates
IDRiD_01_0_1024,0.5565016966479511,0.9999999999769904,,,,,,
IDRiD_01_0_2048,0.0,0.0,,,,,,
IDRiD_01_0_2560,0.0,0.0,0.003267973855675168,0.0016366612108614303,,,,
IDRiD_01_1024_1024,,,,,0.7952593610306551,0.7323631761868914,,
IDRiD_01_1024_1536,,,,,0.48814942708384634,0.550637393748207,,
IDRiD_01_1024_2048,,,0.5815384615160947,0.588326848203243,0.3265602322127102,0.2157238734350999,,
IDRiD_01_1024_2560,0.420736288473273,0.2694898941030327,0.0,0.0,0.6328885450871341,0.4823147966154223,,
IDRiD_01_1024_512,0.47991313786754,0.31571428569173465,,,0.0,0.0,,
IDRiD_01_1536_1024,0.8635108105492737,0.8936421882612751,0.0,0.0,0.698775510189821,0.6897663174581078,,
IDRiD_01_1536_1536,,,,,0.5932762029931921,0.6933744220811442,,
IDRiD_01_1536_2048,,,0.18618042224700762,0.10286320253416086,0.7134744789078828,0.5984911063351589,,
IDRiD_01_1536_2560,,,,,0.6739811911169309,0.9110169487665183,,
IDRiD_01_1536_512,0.0,0.0,0.0,0.0,0.0,0.0,,
IDRiD_01_2048_1024,0.9276377705692375,0.8784907902467964,0.0,0.0,0.7476503284411555,0.6976612598887654,,
IDRiD_01_2048_1536,,,,,0.826600020610052,0.8711779720802086,,
IDRiD_01_2048_2048,,,0.108457069069822,0.057337883955130516,0.7549077170490454,0.875584769346611,,
IDRiD_01_2048_3072,,,0.0,0.0,,,,
IDRiD_01_512_1024,,,0.0,0.0,0.8547107199414989,0.8778897450836429,,
IDRiD_01_512_1536,0.0,0.0,,,0.7111949685445133,0.6426460559071915,,
IDRiD_01_512_2048,0.0,0.0,0.0,0.0,0.5613153687992541,0.41373506143050437,,
IDRiD_01_512_2560,0.0,0.0,,,,,,
IDRiD_02_0_1536,,,,,0.12475247524546614,0.06673728813441496,,
IDRiD_02_0_2048,0.0,0.0,,,0.0,0.0,,
IDRiD_02_0_2560,,,,,0.0,0.0,,
IDRiD_02_0_3072,,,,,0.0,0.0,,
IDRiD_02_1024_1024,,,,,0.0,0.0,,
IDRiD_02_1024_1536,,,,,0.1850220264113412,0.10194174756044397,,
IDRiD_02_1024_2048,0.0,0.0,0.4241019698479663,0.2999999999754098,0.3346061377409899,0.20112206732062016,,
IDRiD_02_1024_2560,0.0,0.0,0.5354273191915476,0.45052243389978347,0.565041429186545,0.39561047583851044,,
IDRiD_02_1024_3072,0.014838179435333039,0.5348278622470114,0.0,0.0,0.42857142856547287,0.27506243310247835,,
IDRiD_02_1024_512,,,,,0.0,0.0,,
IDRiD_02_1536_1024,,,0.0,0.0,,,,
IDRiD_02_1536_1536,0.007938711347549025,0.4596003474839617,0.2841121494796052,0.16557734201185678,0.0,0.0,,
IDRiD_02_1536_2048,0.0,0.0,0.09287257018435502,0.08865979379615262,0.6500691562752402,0.4837381638335225,,
IDRiD_02_1536_2560,0.0,0.0,0.0,0.0,0.6175068721140455,0.4559267120975089,,
IDRiD_02_1536_3072,0.015335945192840896,0.5186584789551886,0.4046242774176662,0.2536231883751663,0.006313744536029293,0.0031668696710556183,,
IDRiD_02_2048_1024,,,,,0.0,0.0,,
IDRiD_02_2048_1536,0.0001510003774998037,0.003802281367375558,0.6146146145530916,0.9417177911221724,0.0,0.0,,
IDRiD_02_2048_2048,0.0,0.0,0.0,0.0,,,,
IDRiD_02_2048_2560,,,,,0.0,0.0,,
IDRiD_02_2048_3072,,,0.6468797564195677,0.9792626725854233,0.0,0.0,,
IDRiD_02_2048_512,,,,,0.8309012874823261,0.833046471457307,,
IDRiD_02_512_1024,,,0.7007299268794289,0.7413127410265201,0.0,0.0,,
IDRiD_02_512_1536,,,0.5557191948671714,0.9999999998233217,0.5244461667601599,0.3589426222229781,,
IDRiD_02_512_2048,0.6120150187638922,0.4531974049941335,0.28277282084538274,0.17758620688124255,0.6110881599552913,0.4416049677520706,,
IDRiD_02_512_2560,,,0.2643776823807401,0.19718309856630178,0.0,0.0,,
IDRiD_02_512_3072,,,,,0.277854195285027,0.16134185300937032,,
IDRiD_03_0_1024,0.0,0.0,,,0.19719887954629695,0.1096231703485013,,
IDRiD_03_0_1536,0.0,0.0,0.0,0.0,0.5599743425093017,0.4066138798133855,,
IDRiD_03_0_2048,0.1483253588428035,0.08327736735505188,0.0,0.0,0.3341031562483369,0.2005545286321114,,
IDRiD_03_0_2560,0.680204035216608,0.6321637780021006,0.0,0.0,0.5124378108178015,0.3691756271078223,,
IDRiD_03_0_512,,,,,0.0,0.0,,
IDRiD_03_1024_0,0.0,0.0,,,,,,
IDRiD_03_1024_1024,0.16018957345212373,0.0878835153360435,0.5141643059125945,0.7840172784483763,0.7215164878538751,0.6283028600869588,,
IDRiD_03_1024_1536,0.6959815546657447,0.5393057682353419,0.0,0.0,0.8560054357287222,0.8306228022707083,,
IDRiD_03_1024_2048,0.21834275878489445,0.12982456139971274,0.4281120808255346,0.40734265730705044,0.6518768787403376,0.51266020631247,,
IDRiD_03_1024_2560,0.0,0.0,0.0,0.0,0.6450515730687084,0.48555685423005757,,
IDRiD_03_1024_3072,0.449547265480264,0.29521453714874685,0.0,0.0,0.11514392989797949,0.06108897741552603,,
IDRiD_03_1536_1024,0.0,0.0,0.30699774264633195,0.29028815365098315,0.5769716450398694,0.43772861869991764,,
IDRiD_03_1536_1536,0.0,0.0,0.4266510812141057,0.3160173159899552,0.7267599475279257,0.5858447005724654,,
IDRiD_03_1536_2048,0.28992628991441743,0.173020527850781,0.19483101389713411,0.18525519845269278,0.8162037653948943,0.7331361250265322,,
IDRiD_03_1536_2560,0.29486612625745584,0.17317790986108153,0.09989701338311549,0.22931442074957104,0.7860309632737001,0.7029215960619813,,
IDRiD_03_1536_3072,,,0.0,0.0,0.0,0.0,,
IDRiD_03_2048_0,,,0.0,0.0,,,,
IDRiD_03_2048_1024,0.7319675112120015,0.8958013945853528,0.6101694913530594,0.43902439006543725,0.0,0.0,,
IDRiD_03_2048_1536,0.10470749390229292,0.0552460865884387,,,0.654113754679832,0.5205203654907812,,
IDRiD_03_2048_2048,,,0.0,0.0,0.7069702049385878,0.5640207075016046,,
IDRiD_03_2048_2560,0.0,0.0,0.03726708072219436,0.021276595729591067,0.23167155424653785,0.1403197158040166,,
IDRiD_03_2048_3072,0.5875682188632251,0.7883225560899901,,,,,,
IDRiD_03_512_0,0.0,0.0,0.0,0.0,0.0,0.0,,
IDRiD_03_512_1024,,,0.0,0.0,0.6432872830094479,0.5466586393409597,,
IDRiD_03_512_1536,0.5164620039060961,0.5879254456812024,0.0,0.0,0.5739589807289157,0.42001137009187023,,
IDRiD_03_512_2048,0.0,0.0,0.0,0.0,0.6721215663289292,0.6360619468909281,,
IDRiD_03_512_2560,0.6879556721976093,0.5362582404970162,0.5091352009124074,0.46444444434123455,0.5080365584566862,0.3799497171530492,,
IDRiD_03_512_3072,0.0,0.0,0.17879417875700743,0.09907834099099577,0.3474680938514834,0.22198842713193115,,
IDRiD_03_512_512,0.2876926513258019,0.6947141315698644,0.43579766531312614,0.311111111053498,0.003908794788146293,0.0019582245430170295,,
IDRiD_04_0_1024,,,,,0.5744582756766041,0.5643115941517833,,
IDRiD_04_1024_0,,,,,0.8541226213839064,0.91402714890768,,
IDRiD_04_1024_1024,0.7325604244376835,0.999999999973176,0.0,0.0,0.0,0.0,,
IDRiD_04_1024_2560,,,,,0.679389312912272,0.8317757007402393,,
IDRiD_04_1024_3072,,,,,0.0,0.0,,
IDRiD_04_1024_3584,,,,,0.0,0.0,,
IDRiD_04_1536_1024,0.8715825652173755,0.8243203309570875,,,,,,
IDRiD_04_1536_2560,,,0.5703124999257406,0.9820627798286714,,,,
IDRiD_04_1536_512,0.7450459652668792,0.7551506367040568,0.0,0.0,0.7969924809033863,0.7114093954956984,,
IDRiD_04_2048_512,0.7522090162505605,0.87029266336798,,,,,,
IDRiD_04_512_1024,,,,,0.2648456056849854,0.15871886119866768,,
IDRiD_04_512_1536,,,,,0.0,0.0,,
IDRiD_04_512_2560,,,,,0.8235294116337791,0.9700374528202106,,
IDRiD_04_512_3072,0.014273858921144904,0.3320463320280173,,,0.4848484845546373,0.319999999744,,
IDRiD_04_512_3584,,,,,0.0,0.0,,
IDRiD_04_512_512,,,,,0.0,0.0,,
IDRiD_05_0_512,0.4950678175016173,0.9999999999377335,0.0,0.0,,,,
IDRiD_05_1024_1024,,,,,0.5843395098555368,0.4524250277591184,,
IDRiD_05_1024_1536,,,0.0,0.0,0.7934440951775159,0.760654326269451,,
IDRiD_05_1024_2048,0.0,0.0,0.0,0.0,,,,
IDRiD_05_1024_512,,,0.0,0.0,,,,
IDRiD_05_1536_1024,0.0,0.0,0.0,0.0,0.4962779155711814,0.35906642722458415,,
IDRiD_05_1536_1536,,,,,0.0,0.0,,
IDRiD_05_1536_512,0.0,0.0,0.0,0.0,,,,
IDRiD_05_2048_1024,,,0.0,0.0,,,,
IDRiD_05_2048_1536,,,0.0,0.0,,,,
IDRiD_05_2048_512,0.7836462537149738,0.8125909752251604,,,,,,
IDRiD_05_512_1536,,,0.0,0.0,,,,
IDRiD_06_0_1536,0.4392917369216001,0.281469475951338,0.0,0.0,,,,
IDRiD_06_0_2048,0.8010526975324203,0.7656923813995484,0.0,0.0,,,,
IDRiD_06_0_2560,0.8267606788486778,0.7724835299406698,,,0.0,0.0,,
IDRiD_06_0_3072,,,0.0,0.0,,,,
IDRiD_06_0_512,,,0.013779527557698866,0.006937561941829776,0.0,0.0,,
IDRiD_06_1024_1024,,,0.43617021274017903,0.283627978456293,0.7105542296425977,0.5513941763499187,,
IDRiD_06_1024_1536,,,,,0.7285227406232899,0.5772955857647858,,
IDRiD_06_1024_512,0.0,0.0,0.1968764789305785,0.12023121386588258,,,,
IDRiD_06_1536_0,,,,,0.0,0.0,,
IDRiD_06_1536_1024,0.0,0.0,,,,,,
IDRiD_06_1536_512,,,0.0,0.0,0.0,0.0,,
IDRiD_06_2048_512,,,0.0,0.0,,,,
IDRiD_06_512_0,,,0.0,0.0,,,,
IDRiD_06_512_1024,0.0,0.0,0.031055900619189072,0.043478260862003786,0.6997419657497662,0.5426596325243648,,
IDRiD_06_512_1536,0.0,0.0,,,0.6839847473743804,0.53972731546272,,
IDRiD_06_512_2048,0.0,0.0,0.18652849731267954,0.1232876711484331,0.0,0.0,,
IDRiD_06_512_3072,,,0.0,0.0,,,,
IDRiD_06_512_512,0.0,0.0,0.0,0.0,0.2902023429102715,0.1749598715834684,,
IDRiD_07_0_1024,,,0.0,0.0,0.6768060835644099,0.9780219776637281,,
IDRiD_07_0_1536,0.0,0.0,,,0.6086956519703358,0.9191919182634426,,
IDRiD_07_0_2048,0.0,0.0,0.23369036026126144,0.23928215351552523,0.08661417321982144,0.1647940074289161,,
IDRiD_07_0_512,0.9203809523458903,0.9249617150899723,,,,,,
IDRiD_07_1024_0,,,,,0.0,0.0,,
IDRiD_07_1024_1024,,,0.0,0.0,0.47835911697412903,0.3361837283084245,,
IDRiD_07_1024_1536,,,,,0.3342705404508861,0.22236076475015876,,
IDRiD_07_1024_2048,0.0,0.0,,,0.5160349853475168,0.4254807691284902,,
IDRiD_07_1024_2560,,,0.7968127489246203,0.8179959098531705,,,,
IDRiD_07_1024_512,,,0.26175687665209596,0.17739025855818458,0.7641555883738375,0.7713717693709183,,
IDRiD_07_1536_0,,,0.0,0.0,0.009602560682592623,0.004824443848704786,,
IDRiD_07_1536_1024,,,,,0.6712675408301845,0.667022249309151,,
IDRiD_07_1536_1536,,,0.7087198514455065,0.580547112285548,0.8690638656737422,0.8051940671682526,,
IDRiD_07_1536_2048,0.0,0.0,,,0.8042945241095139,0.7227146028395796,,
IDRiD_07_1536_2560,,,0.0,0.0,0.2184672734443241,0.6261893620291203,,
IDRiD_07_1536_512,0.0,0.0,0.09705372616143382,0.06888068879841566,0.4395300621900565,0.5724572456988093,,
IDRiD_07_2048_0,,,,,0.0,0.0,,
IDRiD_07_2048_1024,,,,,0.7293770007207738,0.7277641277283654,,
IDRiD_07_2048_1536,,,,,0.7329778326176326,0.6842754875283117,,
IDRiD_07_2048_2048,0.3557072430770085,0.4711200401729262,0.2599078340894052,0.2946708463641932,0.7962298025045306,0.7485232067352633,,
IDRiD_07_2048_512,0.8433762517834428,0.8437142202788674,0.13716814158685098,0.07598039215313822,0.6869300911744213,0.557662337647853,,
IDRiD_07_512_0,,,0.0,0.0,0.009569377985851972,0.004807692305380917,,
IDRiD_07_512_1024,,,0.018518518501371744,0.018518518484224967,,,,
IDRiD_07_512_1536,,,0.6183854770062112,0.7055971793430764,0.7056705669931889,0.5608011444119025,,
IDRiD_07_512_2048,0.0,0.0,0.0,0.0,,,,
IDRiD_07_512_2560,0.27805978566615736,0.16179849031303584,,,,,,
IDRiD_07_512_512,,,0.40802675580735487,0.29140127383894887,,,,
IDRiD_08_0_1024,0.12376184897088334,0.06596276112549997,,,,,,
IDRiD_08_0_1536,0.6842639593884675,0.6916000283016658,0.0,0.0,,,,
IDRiD_08_1024_1024,0.004485562096874529,0.002247822421965501,0.20453224868667833,0.3481701285511207,0.7300364815417504,0.801513128580262,,
IDRiD_08_1024_1536,0.6954890423748998,0.788781431319366,0.0,0.0,0.20247933880114063,0.11893203880608445,0.8279206662402491,0.9726522593243799
IDRiD_08_1024_2048,,,,,0.6303682127072195,0.4780244675976662,,
IDRiD_08_1024_2560,,,,,0.18025751069093185,0.09905660375022249,,
IDRiD_08_1024_512,0.17421806488821345,0.09700520833017562,,,0.7583892616813431,0.7373572592598112,,
IDRiD_08_1536_1024,,,,,0.259999999948,0.1494252873219712,,
IDRiD_08_1536_1536,0.6348243618742779,0.5099472188181102,,,0.8410877224605556,0.8408598265744065,,
IDRiD_08_1536_2048,,,,,0.14089157951893827,0.07578448785815367,,
IDRiD_08_512_1024,,,0.6518518517311386,0.5238095236536281,,,,
IDRiD_08_512_1536,,,0.0,0.0,0.0,0.0,0.838605710279073,0.723902262001186
IDRiD_08_512_2048,,,0.0,0.0,,,0.2734100199612757,0.15835260433698542
IDRiD_08_512_512,,,0.0,0.0,,,,
IDRiD_09_0_1024,0.46064339493272394,0.3042298999011674,,,,,,
IDRiD_09_0_1536,,,0.056453984120657046,0.02904689863754775,,,,
IDRiD_09_0_2560,,,0.022972002869851255,0.011619462599010932,,,,
IDRiD_09_0_3072,,,0.0,0.0,,,,
IDRiD_09_0_512,0.3796100540242,0.2750638297825521,,,,,,
IDRiD_09_1024_1024,0.0,0.0,0.31857707509251826,0.2047244094436189,0.7175698495534281,0.7605353075139907,,
IDRiD_09_1024_1536,0.5185772142937262,0.35005348864435926,,,0.8386539389979598,0.9024243528966416,,
IDRiD_09_1024_2048,0.21799500138547634,0.15910012160196393,0.24727921498220734,0.37642585549286117,0.49374274286870246,0.6868269920910476,,
IDRiD_09_1024_2560,,,,,0.024532149712055345,0.8720682301842145,,
IDRiD_09_1024_3072,,,0.0,0.0,,,,
IDRiD_09_1024_3584,,,0.0,0.0,,,,
IDRiD_09_1024_512,0.3489646772122727,0.21136112134963628,0.21002386634287926,0.12267657992185017,0.7264530108666464,0.6788373611973949,,
IDRiD_09_1536_1024,0.0,0.0,0.18764568764022013,0.1347844286255846,0.6834384045028281,0.6388569734233762,,
IDRiD_09_1536_1536,0.6569264069145576,0.5318341121340002,0.0,0.0,0.7935887957359165,0.9253114732737213,,
IDRiD_09_1536_2048,0.4513702310464436,0.2922755741025652,0.25729244575487714,0.22542595016704772,0.12691315562980374,0.9999999997289972,,
IDRiD_09_1536_2560,,,0.0,0.0,,,,
IDRiD_09_1536_512,,,0.0,0.0,0.8648519198519666,0.8337266570879496,,
IDRiD_09_2048_1024,,,,,0.7152545610782762,0.6512436945442469,,
IDRiD_09_2048_1536,0.0,0.0,0.49375371799561246,0.3793418646819614,0.5401917289717364,0.4043660009270582,,
IDRiD_09_2048_2048,0.2144037000294945,0.2342960288724081,0.5689519306092236,0.43441636577203174,,,,
IDRiD_09_2048_2560,,,,,0.29467646531108305,0.9502890172311805,,
IDRiD_09_2048_512,,,0.23232740801023866,0.13143124414726703,0.0,0.0,,
IDRiD_09_512_0,0.0,0.0,,,,,,
IDRiD_09_512_1024,0.43281768850382424,0.29317533464677226,0.6639617446650636,0.6564469913852021,0.6932680341989753,0.6872264225969977,,
IDRiD_09_512_1536,0.0,0.0,0.027247956399557502,0.018450184498440925,0.7006696505995604,0.887102442445202,,
IDRiD_09_512_2048,,,,,0.7723115736238992,0.7884739214169841,,
IDRiD_09_512_3072,,,0.0,0.0,,,,
IDRiD_09_512_512,0.2763055339031157,0.16775770959722566,0.0,0.0,0.6919758411827458,0.9479905435111133,,
IDRiD_10_0_1024,,,,,0.7336312849141519,0.6923604154547774,,
IDRiD_10_0_1536,,,0.4561403508521853,0.36651982375625375,0.7444824644821267,0.8633149146124944,,
IDRiD_10_0_2048,0.7804761904724739,0.6715561747056333,0.025297619045736783,0.019406392691848587,0.7815612348787185,0.8172232898726576,,
IDRiD_10_0_2560,0.4696832579114678,0.6693895098594416,0.2684426229370675,0.17431803059385775,0.6923488496398725,0.7212931995272652,,
IDRiD_10_0_3072,,,,,0.016779431664184313,0.008460698689840875,,
IDRiD_10_0_512,,,,,0.0,0.0,,
IDRiD_10_1024_0,,,,,0.31506849307875145,0.18699186986802388,,
IDRiD_10_1024_1024,0.5039833312844223,0.5462274176262958,0.06034889202921505,0.03611738148780376,0.7835351592911827,0.7753548652460877,,
IDRiD_10_1024_1536,,,,,0.9728434355250885,0.9935752801248017,,
IDRiD_10_1024_2048,,,0.8324022345787429,0.9371069180916499,0.9273224352034225,0.9941490882690351,,
IDRiD_10_1024_2560,0.4789281364170567,0.3249228735107706,0.28978622327261494,0.3215733982026937,0.7549292160284955,0.6939650088433499,,
IDRiD_10_1024_3072,0.45008025681460545,0.9999999999286733,0.5737514517669133,0.4964824120104038,0.7119100024412331,0.6166719627092822,,
IDRiD_10_1024_512,,,,,0.5993279917260308,0.44979826194560985,,
IDRiD_10_1536_0,,,0.0,0.0,0.5072658772805804,0.3541236144964471,,
IDRiD_10_1536_1024,,,0.5413533834315111,0.4066265059934769,0.656452775772096,0.6107663927502032,,
IDRiD_10_1536_1536,,,0.0,0.0,0.7965517241367157,0.8598675758445832,,
IDRiD_10_1536_2048,0.8048247696760867,0.9532058492473969,0.5580815081708056,0.418764302050785,0.7810599966310945,0.7404320221305273,,
IDRiD_10_1536_2560,,,0.2506063055577521,0.14325323473722243,0.8044474311181614,0.8207429568652009,,
IDRiD_10_1536_3072,,,0.0,0.0,0.64106440881037,0.5198626777577311,,
IDRiD_10_1536_512,0.6445030379382722,0.5154960572067578,,,,,,
IDRiD_10_2048_1024,0.0,0.0,0.0,0.0,0.0,0.0,,
IDRiD_10_2048_1536,0.0,0.0,0.7416107382135564,0.9377652049592977,0.43098501752580515,0.33064318903568984,,
IDRiD_10_2048_2048,0.7769024736034591,0.862666200124866,0.0,0.0,0.5639758374467877,0.7476340693824889,,
IDRiD_10_2048_2560,0.0,0.0,,,0.0,0.0,,
IDRiD_10_2048_3072,0.0,0.0,0.0,0.0,0.49101796404735437,0.3688155921762507,,
IDRiD_10_2048_512,,,,,0.7472592592371182,0.6550649350309057,,
IDRiD_10_512_1024,,,0.5988791032346774,0.580745341524729,0.7919714694933221,0.8877060661547512,,
IDRiD_10_512_1536,,,,,0.8017774832622258,0.8399109822559875,,
IDRiD_10_512_2048,0.5323545405039104,0.4419864559719642,0.07290339026069581,0.06288478451790305,0.8460275505615058,0.8963338533527359,,
IDRiD_10_512_2560,0.16609589040384865,0.09773299747618473,0.579214624228517,0.4341537680681514,0.7679983354124678,0.7927746037166855,,
IDRiD_10_512_3072,0.4867081447894979,0.38261449532275205,0.1266055045813484,0.07048008171243718,0.7289390200893102,0.6729779302960003,,
IDRiD_10_512_512,0.3954872523727859,0.9045103616048554,0.0,0.0,0.21165865384488186,0.6876220226205536,,
IDRiD_11_0_1024,,,0.0,0.0,,,,
IDRiD_11_0_1536,0.04842615011959969,0.04138644593681394,0.0,0.0,0.0,0.0,,
IDRiD_11_0_2048,,,0.04647302904178647,0.02378929481531102,,,,
IDRiD_11_0_2560,0.8031570045964187,0.7561924982173356,0.0,0.0,,,,
IDRiD_11_0_3072,,,,,0.0,0.0,,
IDRiD_11_0_512,0.06370875994724588,0.033532934127720605,0.0,0.0,0.0,0.0,,
IDRiD_11_1024_1024,,,0.0,0.0,,,,
IDRiD_11_1024_1536,0.0,0.0,0.0,0.0,0.7823984526077791,0.701758536387495,,
IDRiD_11_1024_2048,0.0,0.0,0.0,0.0,0.8230893823783906,0.7890854854511501,,
IDRiD_11_1024_2560,0.3662790697607871,0.22419928825124114,0.06529209621432198,0.04993429697109931,0.7773491833592249,0.66264912966785,,
IDRiD_11_1024_3072,0.39758781210220695,0.413284944460501,,,0.8681318679728697,0.8229166663809316,,
IDRiD_11_1536_1024,,,0.0,0.0,,,,
IDRiD_11_1536_1536,,,0.0,0.0,0.707668944560248,0.597895817280013,,
IDRiD_11_1536_2048,0.0,0.0,0.0,0.0,0.776366891610587,0.6459049452282601,,
IDRiD_11_1536_2560,0.0,0.0,0.0,0.0,0.8245179569802159,0.7532949987141042,,
IDRiD_11_1536_3072,,,,,0.48205377782598785,0.32211382113297377,,
IDRiD_11_2048_1024,,,0.001581652827141888,0.0008103727714420433,0.0,0.0,,
IDRiD_11_2048_1536,,,,,0.0,0.0,,
IDRiD_11_2048_2048,,,,,0.7712872852061072,0.6794637173747634,,
IDRiD_11_2048_2560,0.19219951246772735,0.1409322150399982,0.0,0.0,0.438254410396127,0.290805687201035,,
IDRiD_11_2048_3072,0.5470194453241205,0.39412034909823734,0.0,0.0,0.24029574859146988,0.13655462183439554,,
IDRiD_11_512_1024,,,,,0.26932989688986275,0.15562174235624557,,
IDRiD_11_512_1536,,,0.5033365109148392,0.3393316194936592,0.5755337223883595,0.43850959644037535,,
IDRiD_11_512_2048,,,0.1679687499835968,0.0916844349582426,0.7941024880116293,0.744857896276751,,
IDRiD_11_512_2560,0.0,0.0,0.0,0.0,0.5868434301007984,0.4283964228784957,,
IDRiD_11_512_3072,0.24290018274192274,0.557343608328256,0.007782101166882596,0.0039062499997820173,0.0,0.0,,
IDRiD_11_512_512,,,0.0,0.0,,,,
IDRiD_12_0_1024,,,,,0.8506289307507366,0.8086696560824111,,
IDRiD_12_0_2560,0.2493560020479466,0.1687587168641033,0.17602040814081374,0.10147058822037197,,,,
IDRiD_12_0_3072,0.0,0.0,0.0,0.0,,,,
IDRiD_12_0_512,0.0,0.0,,,,,,
IDRiD_12_1024_1024,0.4751970329050719,0.7010943911969155,,,,,,
IDRiD_12_1024_2048,0.0,0.0,0.5355648534817902,0.7413127410265201,0.10652663164992297,0.5298507458732458,,
IDRiD_12_1024_2560,,,0.31077694227800073,0.18397626107300408,,,,
IDRiD_12_1536_2048,0.0,0.0,,,0.5905688622710287,0.7508564902788188,,
IDRiD_12_1536_3072,,,0.0,0.0,,,,
IDRiD_12_2048_1536,,,0.0,0.0,,,,
IDRiD_12_2048_2048,,,0.0,0.0,,,,
IDRiD_12_2048_2560,,,0.0,0.0,,,,
IDRiD_12_2048_3072,,,0.0,0.0,,,,
IDRiD_12_2048_512,0.8069233064515988,0.7532033425764232,0.0,0.0,,,,
IDRiD_12_512_2560,0.8578011422609755,0.7644303065311484,0.0,0.0,,,,
IDRiD_12_512_512,,,,,0.7821428570031889,0.722772276989184,,
IDRiD_13_0_1024,0.7961236057634645,0.685022026410163,0.08610567512992061,0.07432432429921475,,,,
IDRiD_13_0_1536,,,0.003588516746196859,0.0017974835229600068,,,,
IDRiD_13_0_2048,0.5084669225444013,0.3474236346699345,0.12048192768181158,0.06410256408612755,0.0,0.0,,
IDRiD_13_0_2560,0.43537414965031,0.2810994615958884,0.7087065567642886,0.6287349014222037,,,,
IDRiD_13_0_3072,0.0,0.0,0.0,0.0,,,,
IDRiD_13_0_512,,,0.40562248993947675,0.3122102009032295,0.06530612242232403,0.03375527424736065,0.559871293952839,0.38901309485538793
IDRiD_13_1024_0,0.0,0.0,0.0,0.0,,,,
IDRiD_13_1024_1024,0.24861878451321692,0.14195583595094985,0.5302325581265549,0.5565262075767458,0.8615709943161711,0.7977157774501588,,
IDRiD_13_1024_1536,0.0,0.0,0.08311688311256535,0.04357298474708208,0.7881005959573973,0.6874460741989324,0.0,0.0
IDRiD_13_1024_2048,,,0.5453580901712107,0.45107503288937806,0.0,0.0,0.0,0.0
IDRiD_13_1024_2560,,,,,0.0,0.0,,
IDRiD_13_1024_3072,,,,,0.49479360356550023,0.369943000133881,,
IDRiD_13_1024_3584,,,0.7157894735765731,0.5573770490497946,0.0,0.0,,
IDRiD_13_1024_512,0.0,0.0,0.5922905856080005,0.791480931114835,0.5276301806518646,0.37142322797135924,,
IDRiD_13_1536_0,,,0.0,0.0,0.0,0.0,,
IDRiD_13_1536_1024,,,0.468371466994053,0.30579964847927943,0.7370737073591533,0.6596343178436109,,
IDRiD_13_1536_1536,0.0009860717367127692,0.020565552693942016,0.16114227434160416,0.10770279481201753,0.45780969477298883,0.30088495573446106,,
IDRiD_13_1536_2048,0.053355564816450374,0.03916768665610969,0.19469026546949642,0.11033099296787052,0.45443786980904033,0.2992985190842051,0.006393966718531076,0.0032072368420788876
IDRiD_13_1536_2560,0.4989784881564838,0.33603107801333715,0.05508982035268386,0.0397923875363681,,,,
IDRiD_13_1536_3072,,,0.7694369972158932,0.9471947191593416,0.2306777645385639,0.1303763440684978,,
IDRiD_13_1536_3584,,,,,0.0,0.0,,
IDRiD_13_1536_512,,,0.540563261852015,0.45732574676690424,0.0,0.0,,
IDRiD_13_2048_1024,0.0,0.0,0.0044642857137874685,0.002936857561976967,0.0,0.0,0.0,0.0
IDRiD_13_2048_1536,,,0.3931506849045787,0.2544326240909191,,,0.0,0.0
IDRiD_13_2048_2048,0.0,0.0,0.20312499992065428,0.15853658526918502,0.0,0.0,,
IDRiD_13_2048_2560,0.0,0.0,0.06121313299603711,0.19366197176279507,,,,
IDRiD_13_2048_512,,,0.2582380631971595,0.16710182766169696,,,0.0,0.0
IDRiD_13_512_0,0.0,0.0,0.0,0.0,,,,
IDRiD_13_512_1024,0.0,0.0,0.4803133374462933,0.4923922231406428,0.8028862147674132,0.8105572798424733,,
IDRiD_13_512_1536,,,0.6557377049065969,0.655966503815214,0.7663886507124811,0.7217206195391586,,
IDRiD_13_512_2048,,,0.595660749389416,0.42655367219588874,0.6376096491053287,0.48906644236799557,,
IDRiD_13_512_2560,0.5561348626848754,0.5763688760391664,0.5869894099552703,0.5606936415644803,,,,
IDRiD_13_512_3072,,,,,0.5311059907528165,0.361568627422622,,
IDRiD_13_512_3584,,,,,0.0,0.0,,
IDRiD_13_512_512,0.0,0.0,0.0,0.0,0.5149900066450703,0.36427898207519893,0.0,0.0
IDRiD_14_0_1024,,,0.6246524559198653,0.5542763156983098,,,,
IDRiD_14_0_1536,0.10817455439126693,0.05717998700269071,0.0,0.0,0.0,0.0,,
IDRiD_14_0_2048,0.4942965779427692,0.3638204120475905,0.10623556581635647,0.5439189187351625,0.43394886362095353,0.2836583101075368,,
IDRiD_14_0_2560,0.34977755808032734,0.33849980864582374,0.21070422534617736,0.1784351144953037,,,0.8645146624183648,0.8041869316895306
IDRiD_14_0_3072,0.0,0.0,,,0.0,0.0,,
IDRiD_14_0_512,,,0.02824478816218932,0.014324693041314823,,,,
IDRiD_14_1024_0,,,0.0,0.0,,,,
IDRiD_14_1024_1024,0.029509757257043804,0.14903846146680844,0.0,0.0,,,,
IDRiD_14_1024_1536,0.30535714285032683,0.19106145250862958,0.12567882078806106,0.14464285713424743,0.7395829014439256,0.6130739620524259,,
IDRiD_14_1024_2048,,,0.15439429926907433,0.08575197888050766,0.7896114545212728,0.7348262502913394,,
IDRiD_14_1024_2560,,,0.0,0.0,0.7635663779742196,0.6667884545098035,,
IDRiD_14_1024_3072,,,0.0,0.0,0.725648556040592,0.6102706596623415,,
IDRiD_14_1024_3584,,,,,0.0,0.0,,
IDRiD_14_1024_512,,,0.01562499999593099,0.007874015745964824,0.004595060310034605,0.0023028209556044095,,
IDRiD_14_1536_0,0.6504739336107539,0.5877944324852469,,,,,,
IDRiD_14_1536_1024,,,0.0,0.0,,,,
IDRiD_14_1536_1536,0.8495274831211204,0.8997467113252737,0.15551306563699724,0.19677419351664935,0.2080213903687695,0.11664167915692229,,
IDRiD_14_1536_2048,0.0,0.0,0.4602717167463921,0.3708126036361256,0.7766562671907385,0.6874593891914406,,
IDRiD_14_1536_2560,,,0.3277936962562869,0.2104488594399964,0.7037191809297175,0.6806790622198594,,
IDRiD_14_1536_3072,0.0,0.0,0.0,0.0,0.486090775917117,0.3458333332612847,,
IDRiD_14_1536_512,,,0.4233346472044409,0.693798449522765,,,,
IDRiD_14_2048_1024,0.0,0.0,0.1261904761754535,0.07454289731722323,,,,
IDRiD_14_2048_1536,,,0.38655462181920897,0.910071942118679,,,,
IDRiD_14_2048_2048,,,0.0,0.0,0.1281526925611348,0.06846321922298156,,
IDRiD_14_2048_2560,0.753298680512729,0.6279999999790667,0.08501362397356874,0.06430338004416294,0.5055147058746091,0.36625971142361247,,
IDRiD_14_2048_3072,0.1924065087013301,0.10892049126991207,0.4102878138269967,0.2777777777662613,0.0,0.0,,
IDRiD_14_2048_512,0.6568832983697805,0.5242610150293218,,,,,,
IDRiD_14_512_1536,0.0,0.0,0.0,0.0,0.6520484708522556,0.4963106113756797,,
IDRiD_14_512_2048,0.0,0.0,0.19102990031635964,0.3276353275419842,0.768790140598366,0.7019017432609513,,
IDRiD_14_512_2560,0.0,0.0,0.3103188551265298,0.4087301587031263,0.7441912824190737,0.6374681786598878,0.0,0.0
IDRiD_14_512_3072,0.0,0.0,0.0,0.0,0.7847614161007599,0.7435585804389023,,
IDRiD_14_512_512,,,0.0,0.0,,,,
IDRiD_15_0_1536,,,0.0,0.0,,,,
IDRiD_15_1024_0,,,0.0,0.0,0.13081761005740808,0.0699865410466583,,
IDRiD_15_1024_1024,,,,,0.6203950880829259,0.4824245778997392,,
IDRiD_15_1024_1536,,,,,0.0,0.0,,
IDRiD_15_1024_512,,,,,0.792063759802665,0.7540345242844078,,
IDRiD_15_1536_2048,,,0.0,0.0,0.0,0.0,,
IDRiD_15_1536_512,0.0,0.0,,,0.0,0.0,,
IDRiD_15_2048_2048,,,0.0,0.0,,,,
IDRiD_15_512_1024,0.0,0.0,,,0.6844474761208428,0.612725940393103,,
IDRiD_15_512_512,0.5001738324197453,0.9831435079278751,0.0,0.0,,,,
IDRiD_16_0_2560,,,0.0,0.0,0.8782522343420407,0.9380568518906213,,
IDRiD_16_1024_2048,,,0.8324723246618101,0.8011363635225659,0.0,0.0,,
IDRiD_16_1024_2560,0.6484959281926459,0.5541039477263816,0.0,0.0,0.3312754661048816,0.2240501043822626,,
IDRiD_16_1024_3072,0.845636994419017,0.8187771068898819,0.0,0.0,0.8016639257022314,0.8290779574162435,,
IDRiD_16_1024_3584,0.02971311475257617,0.015080603223344742,,,,,,
IDRiD_16_1536_2048,,,,,0.0,0.0,,
IDRiD_16_1536_2560,,,,,0.22944038929161262,0.1305732484058353,,
IDRiD_16_1536_3072,,,,,0.7273142509079833,0.6083025595236432,,
IDRiD_16_2048_1024,,,,,0.1007025761006203,0.054224464053691745,,
IDRiD_16_2048_1536,,,0.0,0.0,,,,
IDRiD_16_2048_2560,,,,,0.0,0.0,,
IDRiD_16_2048_3072,,,,,0.0,0.0,,
IDRiD_16_2048_512,,,0.0,0.0,0.0,0.0,,
IDRiD_16_512_1536,,,0.0,0.0,,,,
IDRiD_16_512_2048,,,,,0.0,0.0,,
IDRiD_16_512_2560,,,,,0.7969081347009958,0.8098398810404287,,
IDRiD_16_512_3072,,,,,0.6647619047570347,0.6387441925856857,,
IDRiD_17_0_1024,0.32422900583751624,0.9999999999758279,0.0,0.0,0.7607954545411318,0.857673584411252,,
IDRiD_17_0_1536,0.5237552789501504,0.7645913607756455,0.004073319755186017,0.0025740025736713,0.6083579881628681,0.5115845125135159,,
IDRiD_17_0_2048,0.5645450900396344,0.6938040963206196,,,0.47235538510404373,0.3524754364175095,,
IDRiD_17_0_2560,0.7115548628051767,0.6758191111961235,0.0,0.0,0.7048122065520889,0.7269975786484868,,
IDRiD_17_0_3072,0.6603849238039218,0.9190848213772832,,,,,,
IDRiD_17_0_512,,,,,0.6965285553531323,0.9810725548955607,0.7926870339148776,0.6618994054261457
IDRiD_17_1024_0,0.0,0.0,0.0,0.0,0.0,0.0,,
IDRiD_17_1024_1024,0.23481781376351432,0.1339871929955906,0.0898705255072452,0.04704944178253194,0.6807937360081432,0.9462998423041611,,
IDRiD_17_1024_1536,0.6564132187627111,0.5853867948802893,0.07352941175869858,0.09493670884073065,0.6570417392244422,0.7365239294617566,,
IDRiD_17_1024_2048,0.39639327206290736,0.2564697083002508,,,0.5801100689824036,0.6716926942977618,,
IDRiD_17_1024_2560,0.0,0.0,,,0.7865897620480682,0.7336919972606797,,
IDRiD_17_1024_3072,0.06696213286778202,0.15981585004757407,0.0,0.0,,,,
IDRiD_17_1024_3584,,,0.0,0.0,,,,
IDRiD_17_1024_512,0.7106556043575382,0.5608566146232494,0.0,0.0,0.6974851923484884,0.7708278233237643,,
IDRiD_17_1536_0,0.20552824998841815,0.1226565723612374,,,,,,
IDRiD_17_1536_1024,0.0,0.0,,,0.667662847967969,0.7113207547085929,,
IDRiD_17_1536_1536,0.3231918130266851,0.7689397055131287,0.22138836768829487,0.12688172040282114,0.5666387258958122,0.6820627802537654,,
IDRiD_17_1536_2048,0.4938471030338282,0.35227090868298133,0.6939443534052465,0.9999999995283019,0.0,0.0,0.7666098807462254,0.8413231064157112
IDRiD_17_1536_2560,0.2412355212317956,0.14611786716284159,,,,,,
IDRiD_17_1536_3072,0.84733740593557,0.9577432307762795,0.018518518515089163,0.009596928980883507,,,0.0,0.0
IDRiD_17_1536_512,0.8896531284124731,0.9766157634018369,,,0.6068050875029154,0.548653430301776,,
IDRiD_17_2048_0,0.0,0.0,,,,,,
IDRiD_17_2048_1024,0.8004052313346504,0.9999999999994272,,,0.3128176171477799,0.18540829985372098,,
IDRiD_17_2048_1536,0.616954760034811,0.9982992868590936,,,0.0,0.0,,
IDRiD_17_2048_2048,0.446131815954241,0.3540476688885611,,,0.0,0.0,0.0,0.0
IDRiD_17_2048_2560,0.8994984816804739,0.8931597649294568,0.5649013498894183,0.39882697941366174,,,0.0,0.0
IDRiD_17_2048_3072,0.660243834079561,0.569640914035275,,,,,,
IDRiD_17_2048_512,0.979700914935765,0.9887428191654352,,,,,,
IDRiD_17_512_0,,,0.0,0.0,0.0,0.0,,
IDRiD_17_512_1024,0.7907642400458852,0.7172031844804915,0.0,0.0,0.7135165346982515,0.8686323429309656,,
IDRiD_17_512_1536,0.5183368085335561,0.3512884455498646,0.6096692111855866,0.54159132005601,0.8043789305546795,0.8732750523774536,,
IDRiD_17_512_2048,0.706338099582788,0.6476364042078043,0.0,0.0,0.4226726726647396,0.2794044664943076,,
IDRiD_17_512_2560,0.246163404782565,0.259633027519533,0.3984962405715416,0.26237623759778456,0.26939058171278757,0.16306853908691954,,
IDRiD_17_512_3072,0.5114531928959899,0.7619047618880425,0.887040886979415,0.8311688310608872,,,,
IDRiD_17_512_512,0.0793300616807918,0.13804450015452766,0.0,0.0,0.6246255095495082,0.49043652629577017,0.4212173135631288,0.26679879199446205
IDRiD_18_0_1024,0.2059825823473691,0.48312611003852113,0.15804327374609392,0.10987573576783023,,,,
IDRiD_18_0_1536,0.2181259600547427,0.15067911714131244,0.0,0.0,0.0,0.0,,
IDRiD_18_0_2048,,,0.25892232328488995,0.1549413735213617,0.7548138639119638,0.7386934673057499,,
IDRiD_18_0_2560,0.7454743927920245,0.8138033763573603,0.27703398556760894,0.21064996082923648,0.5397953382527033,0.4522505358310967,0.8574656700814468,0.8051248571829188
IDRiD_18_0_3072,,,0.0,0.0,,,0.8116919617686744,0.7235677300697584
IDRiD_18_0_512,,,0.0,0.0,,,,
IDRiD_18_1024_0,0.0,0.0,0.42274412850151494,0.30978260863953216,0.0,0.0,,
IDRiD_18_1024_1024,0.10409556313549082,0.05792972459364057,0.37719765581368153,0.44866920146404704,0.7008628954904081,0.7559462254316861,,
IDRiD_18_1024_1536,0.5492349234898775,0.47956617415530045,0.09369144284529383,0.12573344508585638,0.6813435522829003,0.663560765447715,,
IDRiD_18_1024_2048,,,0.3784665578913286,0.3591331268979223,,,,
IDRiD_18_1024_3072,,,,,,,0.7521333597898783,0.628263572311411
IDRiD_18_1024_512,0.6265449648342764,0.5820082286190258,0.05929648241057044,0.08569353666770561,0.7659543289760264,0.8287616933522077,,
IDRiD_18_1536_0,0.0,0.0,0.07407407403978053,0.04040404038363432,0.7813620071451206,0.6582788122466895,,
IDRiD_18_1536_1024,0.0023201856148043275,0.0012087026591215007,0.3186411524334844,0.498989898956297,0.7577850752986197,0.8679636835166282,,
IDRiD_18_1536_1536,,,0.0,0.0,0.1426844014424012,0.07682291666166517,,
IDRiD_18_1536_2048,,,0.4110207768558708,0.3403141361002009,0.4065656565143225,0.28395061723387116,,
IDRiD_18_1536_3072,,,0.24017467243664306,0.20992366404201385,,,,
IDRiD_18_1536_3584,0.0,0.0,,,,,,
IDRiD_18_1536_512,0.0,0.0,0.0,0.0,0.7421540980607155,0.8321179050393589,,
IDRiD_18_2048_0,0.0,0.0,0.0,0.0,,,,
IDRiD_18_2048_1024,0.0,0.0,0.0,0.0,0.7763690673695561,0.7844399731618452,,
IDRiD_18_2048_1536,,,0.0,0.0,0.5252725470242545,0.41021671820275285,0.0,0.0
IDRiD_18_2048_2048,,,0.4153354632366701,0.3641456582293048,0.0,0.0,,
IDRiD_18_2048_2560,,,0.0,0.0,,,,
IDRiD_18_2048_3072,0.516941789725589,0.4580446496953006,0.0,0.0,,,,
IDRiD_18_2048_512,0.5945945945932576,0.839332190688508,0.13394919168149294,0.15104166665542842,0.30219146480379516,0.1782312925048822,,
IDRiD_18_512_1024,0.0,0.0,0.34233261337244425,0.9519519516660804,0.3095155106200936,0.19371727747845913,,
IDRiD_18_512_1536,0.3008570928782503,0.9081309397619782,,,0.0,0.0,,
IDRiD_18_512_2048,0.3542936770535744,0.23563484707517066,0.0,0.0,,,,
IDRiD_18_512_3072,,,0.0,0.0,0.46653346651016314,0.31112591603523476,,
IDRiD_18_512_512,0.6502442131949406,0.7712846347218496,0.4793301936033666,0.48879402345310596,0.7780091628458672,0.8876025917849882,,
IDRiD_19_0_1024,0.5334307635903022,0.3655483224654207,,,,,0.0,0.0
IDRiD_19_0_1536,,,,,0.0,0.0,,
IDRiD_19_0_2048,,,,,,,0.4030944625366134,0.252422233551091
IDRiD_19_0_2560,0.2851153039533422,0.19020979018318745,,,,,,
IDRiD_19_1024_0,,,0.0,0.0,,,,
IDRiD_19_1024_1024,,,,,0.8077430707959639,0.7740303540662705,,
IDRiD_19_1024_1536,,,,,0.7401422107184851,0.6527936145766022,,
IDRiD_19_1024_2560,,,0.41025641013952807,0.2666666665679012,,,,
IDRiD_19_1024_512,0.0,0.0,0.0,0.0,,,,
IDRiD_19_1536_2048,0.0,0.0,0.3416927899150952,0.21843687370372006,,,,
IDRiD_19_1536_2560,,,0.0,0.0,,,,
IDRiD_19_1536_3072,,,0.0,0.0,0.6404494381572717,0.5314685314065888,,
IDRiD_19_1536_512,0.3337408312754437,0.2126168224133476,,,,,,
IDRiD_19_2048_1024,0.34875305623130803,0.21233773966640063,0.0,0.0,,,,
IDRiD_19_2048_1536,0.0,0.0,0.0693779904223232,0.14572864314284995,,,,
IDRiD_19_2048_2048,0.4147794993793337,0.2616541353186726,0.0,0.0,,,,
IDRiD_19_2048_2560,0.4500504540413673,0.3017591339239839,,,,,,
IDRiD_19_2048_3072,,,0.0,0.0,,,0.902443902242707,0.8524470416340837
IDRiD_19_2048_512,0.7323541087675081,0.7820925894390013,0.6913723219055372,0.6966161026024952,,,0.8656378600733987,0.8784714971626963
IDRiD_19_512_1024,0.2856678054288976,0.16714258518623373,0.11271676300306559,0.3861386137976669,0.7018867924086863,0.6326530611527604,,
IDRiD_19_512_1536,0.760443519580208,0.6666666666630362,0.07829181493965374,0.07213114752915883,0.7198119474642556,0.6473345588175796,0.7737268799418723,0.9844348363065543
IDRiD_19_512_2048,0.29430819063885666,0.17254476396242296,,,,,,
IDRiD_19_512_512,0.0,0.0,0.41154328730165973,0.25949367086554637,,,,
IDRiD_20_0_1024,0.03021442494979462,0.015507753876162694,0.1659221442193388,0.4075235109079117,,,,
IDRiD_20_0_1536,0.5860567591638983,0.4144839355908994,0.0,0.0,0.5641438539938796,0.5394354148752877,,
IDRiD_20_0_2048,0.6848484848225437,0.5406698564269934,0.3727810650336123,0.23420074345089206,0.6729810568127372,0.6866734485917256,,
IDRiD_20_0_2560,,,0.0,0.0,,,,
IDRiD_20_0_512,0.0,0.0,,,,,,
IDRiD_20_1024_0,,,0.5475671749783901,0.3815789473297997,,,,
IDRiD_20_1024_1024,0.006589785831417645,0.0033585222499279157,0.2183462532158691,0.34489795911328613,0.7982777777755603,0.7755289291840699,,
IDRiD_20_1024_1536,0.0,0.0,0.0,0.0,0.7853161749663389,0.7395031875096751,,
IDRiD_20_1024_2048,,,0.5697860108409523,0.4351219511982868,0.0,0.0,,
IDRiD_20_1024_2560,,,0.0,0.0,,,,
IDRiD_20_1024_3072,0.17571428571350126,0.9283018867486651,0.562146892575968,0.3909626718288875,,,,
IDRiD_20_1024_512,0.5945310202823235,0.5333216106816718,0.41770057898226426,0.5257678292282265,0.7521865888774235,0.6335952848100594,,
IDRiD_20_1536_1024,0.20162585795550003,0.2502416626359323,0.39744867449875526,0.44037102471553136,0.7174732207091008,0.6046096760339331,,
IDRiD_20_1536_1536,,,0.20111731837957617,0.11180124220130395,0.8334274876893171,0.751655870145195,,
IDRiD_20_1536_2048,0.0,0.0,,,,,,
IDRiD_20_1536_3072,0.018202794513290568,0.013325825825575717,0.002325581395213629,0.001164144353832122,0.0,0.0,,
IDRiD_20_1536_512,0.0,0.0,0.27516113038484974,0.4390822784462751,0.8451716636676195,0.7986415229171628,,
IDRiD_20_2048_1024,,,0.25740131577888975,0.17824601365727527,0.7241865099793005,0.6559193327483137,,
IDRiD_20_2048_1536,0.16787506971087912,0.0937110834341933,0.2580979528308345,0.6578599734930172,0.7064373464304035,0.6024136774957691,,
IDRiD_20_2048_2560,0.0,0.0,,,,,,
IDRiD_20_2048_3072,0.35620915031224637,0.21669980118207258,0.0,0.0,0.0,0.0,,
IDRiD_20_2048_512,0.0,0.0,0.552354823934506,0.493061224449546,0.9274156264422305,0.9367137285011442,,
IDRiD_20_512_1024,0.0,0.0,0.7575892856973753,0.872045220921272,0.8158156949170932,0.8074049725053568,,
IDRiD_20_512_1536,0.5011690556038366,0.6280254776990061,0.3422982885025795,0.27497194163089306,0.6829372840017067,0.5788637086126579,,
IDRiD_20_512_2048,,,,,0.0,0.0,,
IDRiD_20_512_2560,0.6746692797482933,0.5541247484686469,0.0,0.0,,,,
IDRiD_20_512_3072,,,0.0,0.0,,,,
IDRiD_20_512_512,,,0.30023640658389644,0.20616883113536222,0.3525641025358522,0.21421616356239373,,
IDRiD_21_0_1024,0.45904798611564757,0.3022842639517187,0.17526777018741305,0.10895883775920595,0.3981561509536688,0.24990958407776098,,
IDRiD_21_0_1536,0.0,0.0,0.4868085105968673,0.355279503061456,0.23093220336536735,0.15181058493707375,,
IDRiD_21_0_2048,,,0.0,0.0,0.3727272727103306,0.23563218389450388,,
IDRiD_21_0_2560,,,0.4712514092180805,0.3489148580677032,,,,
IDRiD_21_0_3072,,,0.0,0.0,,,,
IDRiD_21_0_512,0.7463943841640537,0.7501282708889141,,,0.0,0.0,,
IDRiD_21_1024_1024,,,0.7806661250698349,0.8385689353544006,0.036466966611197804,0.22967934375617602,,
IDRiD_21_1024_1536,0.7367701209850774,0.7445247714145808,0.021489971345165473,0.030737704911734075,0.8472865562409255,0.8316232663429394,,
IDRiD_21_1024_2048,0.04176610978457986,0.021400183429816567,0.04773713577037393,0.06766256589915091,0.7884346280382958,0.750648134809338,,
IDRiD_21_1024_2560,0.4786810067124601,0.32723744121574055,0.1358340437585725,0.35302806494046857,0.8097524381034527,0.7954310979985935,,
IDRiD_21_1024_3072,0.8915789473606002,0.8377843718951898,0.4530577088326393,0.29784824458688014,,,,
IDRiD_21_1536_0,,,,,0.0,0.0,,
IDRiD_21_1536_1024,,,0.0,0.0,0.01750917819775461,0.008839463929032237,,
IDRiD_21_1536_1536,0.07920792078866949,0.041237113400213486,,,0.8888407201498332,0.8979313187497799,,
IDRiD_21_1536_2048,0.0,0.0,0.13613613612932252,0.15419501132038607,0.7365164193772009,0.734965967295383,,
IDRiD_21_1536_2560,0.6371496849852828,0.5171027575956195,0.09246044058043872,0.29622266395701335,0.8007322291065465,0.798776731493449,,
IDRiD_21_1536_3072,,,0.6029776674189854,0.9067164175721206,,,,
IDRiD_21_1536_512,0.7755630338913911,0.6599118942440568,,,0.11293260473294477,0.08860759493309076,,
IDRiD_21_2048_1024,0.0,0.0,0.0,0.0,0.0,0.0,,
IDRiD_21_2048_1536,0.37753065296898974,0.24646314220973706,0.0,0.0,0.5503002212098356,0.4171191312613044,,
IDRiD_21_2048_2048,0.0,0.0,0.3221778221697758,0.3758741258522218,0.7722107796607989,0.7901866060396411,,
IDRiD_21_2048_2560,0.8412681803825335,0.7801280807145328,0.45605920441923875,0.4195744680493979,0.7593173110150012,0.6907477819587612,,
IDRiD_21_2048_3072,,,0.0,0.0,0.0,0.0,,
IDRiD_21_2048_512,0.4883875248514673,0.3468426012868197,0.0,0.0,0.0,0.0,,
IDRiD_21_512_1024,,,0.07812499998779297,0.04065040649745522,,,,
IDRiD_21_512_1536,,,0.0,0.0,0.4989656598986561,0.36556532281401743,,
IDRiD_21_512_2048,0.3145801255440651,0.19129933736399743,0.1666960352393534,0.350370370344417,0.6193857624656542,0.6663483575121019,,
IDRiD_21_512_2560,0.42889765413712994,0.28539853570540963,0.28627450979269514,0.3581943081100889,0.6030744974141476,0.707678075790224,,
IDRiD_21_512_3072,0.0,0.0,0.810495626743392,0.8948497852156975,,,,
IDRiD_21_512_512,,,0.11009174310243246,0.059900166379384334,0.1098901098728587,0.05952380951368643,,
IDRiD_22_0_1024,0.7027157448843122,0.6453296567992253,0.0,0.0,,,0.5785418360607947,0.7485221921576142
IDRiD_22_0_1536,0.003919647231557097,0.0026041666664971246,0.35203094770753757,0.3540856029750639,,,,
IDRiD_22_0_2048,0.45092156021805696,0.39144186045783363,0.2747952684008375,0.1639522258236751,,,0.8240793201094235,0.8213647058746224
IDRiD_22_0_2560,0.8009240268555,0.9268475490884582,,,0.5821355235990212,0.4170650974469634,,
IDRiD_22_0_3072,0.23413625741401162,0.16115063408499133,,,,,,
IDRiD_22_0_512,0.0,0.0,,,,,,
IDRiD_22_1024_1024,,,0.538825757550245,0.4015525758361642,,,,
IDRiD_22_1024_1536,,,0.49172346638307096,0.48095238090657594,0.7522572517000562,0.6415451522095598,,
IDRiD_22_1024_2048,,,0.46077210455033973,0.3098827470167701,0.7894840102008882,0.9168857573494693,,
IDRiD_22_1024_3072,0.002939941201114239,0.011744966440982389,,,,,,
IDRiD_22_1024_512,,,0.04780876492119173,0.02448979590837151,,,,
IDRiD_22_1536_0,,,,,0.020270270267987583,0.01072705601779177,,
IDRiD_22_1536_1024,,,0.8286099863929002,0.7073732717264116,0.577777777670782,0.4216216215076698,,
IDRiD_22_1536_1536,0.0,0.0,0.0,0.0,0.7849562081320457,0.6779992879907797,,
IDRiD_22_1536_2048,0.3061889250648106,0.28952772070949406,0.0,0.0,0.8035030103979914,0.8134573520648587,,
IDRiD_22_1536_3072,0.612501239545479,0.8348351054206395,0.47704770472753844,0.3380102040385191,0.39179810724316094,0.2437205651395714,,
IDRiD_22_1536_3584,0.03565332827589827,0.018150222050472096,,,,,,
IDRiD_22_1536_512,,,0.0,0.0,0.46945115635245255,0.34153691610539744,,
IDRiD_22_2048_1024,0.3912641125228343,0.24541444160098877,0.23419203741588007,0.29411764688581316,,,0.9182810502485046,0.873812754405681
IDRiD_22_2048_1536,0.7342260553706964,0.5849909583981014,,,,,,
IDRiD_22_2048_2048,,,0.0,0.0,,,,
IDRiD_22_2048_3072,,,0.6525423727431054,0.5833333331123737,,,,
IDRiD_22_2048_512,,,,,0.0,0.0,0.0,0.0
IDRiD_22_512_1024,0.6814694493180933,0.6211235955039759,,,0.826656682859354,0.9348010160089075,0.49916522080564646,0.4844941535302205
IDRiD_22_512_1536,,,0.5923172242140871,0.4907597534926571,,,,
IDRiD_22_512_2560,0.0,0.0,,,,,,
IDRiD_22_512_3072,0.8360683825761155,0.7826110200285433,,,,,0.86153484791035,0.8426762648674052
IDRiD_22_512_512,0.8407615750696613,0.8904674610313097,,,0.6880801172363449,0.5669148721962787,0.0,0.0
IDRiD_23_0_1024,0.06753786028292905,0.05207646671012264,0.0,0.0,,,,
IDRiD_23_0_1536,,,,,,,0.6700470843862469,0.984790874509737
IDRiD_23_0_2048,0.20732838589821173,0.11568322981266663,,,,,,
IDRiD_23_0_2560,0.5930263508105026,0.7231027208269427,,,,,,
IDRiD_23_0_3072,0.0,0.0,,,,,,
IDRiD_23_1024_1024,,,,,0.41666666647376543,0.2631578945829486,,
IDRiD_23_1024_1536,,,0.433374844279779,0.29441624360500573,,,,
IDRiD_23_1024_2560,,,,,,,0.0,0.0
IDRiD_23_1024_3072,,,0.25936073056992137,0.15351351349691747,,,,
IDRiD_23_1536_1024,,,0.0,0.0,0.6594387754891761,0.5396659707442762,,
IDRiD_23_1536_1536,,,0.6838487971333593,0.5195822452951482,0.761989342738722,0.6559633026519934,,
IDRiD_23_1536_2560,,,,,0.39476813315132175,0.24592592590770918,,
IDRiD_23_1536_3072,,,0.539473684139543,0.36936936930281633,0.12831050228017557,0.06895705521303173,,
IDRiD_23_1536_3584,,,,,0.0,0.0,,
IDRiD_23_1536_512,,,0.0,0.0,0.4853615520110984,0.37554585150788505,,
IDRiD_23_2048_1024,0.31274509802388506,0.1858974358866027,,,,,,
IDRiD_23_2048_2048,0.16146757483784138,0.08800773694363259,,,,,,
IDRiD_23_2048_2560,0.7351097178625775,0.5897887323869494,0.5192307691059541,0.35064935053550345,,,,
IDRiD_23_2048_3072,,,,,0.1900332225787353,0.1082513247457796,,
IDRiD_23_2048_512,0.6484268125728273,0.48381452317049245,,,0.0,0.0,,
IDRiD_23_512_1024,0.0,0.0,,,,,,
IDRiD_23_512_2048,,,0.0,0.0,,,,
IDRiD_23_512_2560,,,,,,,0.09122966670354646,0.04779499403995476
IDRiD_23_512_3072,0.0,0.0,,,,,0.0,0.0
IDRiD_23_512_512,,,0.0,0.0,,,,
IDRiD_24_0_2048,,,,,0.0,0.0,,
IDRiD_24_1024_1536,,,,,0.0,0.0,,
IDRiD_24_1024_2048,,,,,0.46441774490609017,0.31823939201018875,,
IDRiD_24_1024_2560,,,0.0,0.0,,,,
IDRiD_24_1536_1536,,,,,0.0,0.0,,
IDRiD_24_1536_2048,,,0.7781155014015022,0.636815920239598,0.03814713896111288,0.01944444444264403,,
IDRiD_24_1536_2560,,,0.0,0.0,,,,
IDRiD_24_1536_512,0.4349901861947112,0.828785122279588,,,0.0,0.0,,
IDRiD_24_2048_1024,0.5353042771485558,0.36781849912483194,,,,,,
IDRiD_24_2048_1536,0.47428311331478007,0.4697926059089456,0.0,0.0,,,,
IDRiD_24_512_1536,,,,,0.0,0.0,,
IDRiD_24_512_2048,,,,,0.7850200114126639,0.8570536828428805,,
IDRiD_24_512_2560,0.4989352989271264,0.33238760365926695,,,,,,
IDRiD_24_512_512,0.002823529411631834,0.0014137606031379,,,,,,
IDRiD_25_0_1024,,,0.19291553132463674,0.10899014777654001,0.7189659815075877,0.6452045967100998,0.0,0.0
IDRiD_25_0_1536,0.0,0.0,0.0,0.0,0.8035314891105663,0.6867005834832475,,
IDRiD_25_0_2048,0.7019862917866065,0.7134631788405355,0.0,0.0,0.6863821574079211,0.5914332175305217,0.0,0.0
IDRiD_25_0_2560,0.0048941376741685905,0.0024546424759609962,0.0,0.0,0.877399963832411,0.9149348453703605,,
IDRiD_25_0_3072,0.2128596998456167,0.11917977181438207,,,0.2166476624610436,0.12195121949654028,,
IDRiD_25_0_512,0.5203897509736417,0.3517073170560143,0.0,0.0,0.6094376477782518,0.4596774193477097,0.0,0.0
IDRiD_25_1024_0,,,0.0,0.0,,,,
IDRiD_25_1024_1024,0.0,0.0,0.0,0.0,0.0,0.0,,
IDRiD_25_1024_1536,0.6596936869506969,0.5529117094379177,0.0,0.0,0.8768225344965773,0.8611036227508427,,
IDRiD_25_1024_2048,,,0.0,0.0,0.8703742114954609,0.8623670212755532,,
IDRiD_25_1024_2560,0.734074863727228,0.6727621294769475,0.0,0.0,0.8479408658913182,0.7942118729691152,,
IDRiD_25_1024_3072,0.0,0.0,,,0.7620645978443253,0.6241830065327099,,
IDRiD_25_1024_512,,,0.18045112779693595,0.09958506222689004,,,,
IDRiD_25_1536_0,,,,,0.7511111109441975,0.6190476188208617,,
IDRiD_25_1536_1024,0.47480175880315745,0.9800527493938694,,,,,0.3983693591164356,0.24872735882267397
IDRiD_25_1536_1536,0.0,0.0,0.0,0.0,0.8698939429640633,0.8288629789971276,,
IDRiD_25_1536_2048,0.0,0.0,0.6506024095265744,0.5279329607463874,0.862423633128021,0.7758452761904276,0.0,0.0
IDRiD_25_1536_2560,0.5567431170533812,0.46411919180967864,0.0,0.0,0.6837078140572754,0.5284026996551124,0.0,0.0
IDRiD_25_1536_3072,0.7595271209996302,0.8476742381080992,0.0,0.0,,,,
IDRiD_25_1536_512,0.0,0.0,0.0,0.0,0.0,0.0,,
IDRiD_25_2048_1024,0.0,0.0,,,,,,
IDRiD_25_2048_1536,0.42057654075337686,0.2911906400530544,0.031485284049864115,0.017884914462061825,0.1923641703306768,0.10641754670566948,,
IDRiD_25_2048_2048,0.22535641103844148,0.26282605379436197,0.3259339469233387,0.20420624150582045,,,,
IDRiD_25_2048_2560,0.0,0.0,0.0,0.0,0.0,0.0,,
IDRiD_25_2048_3072,,,0.0,0.0,0.0,0.0,,
IDRiD_25_512_1024,0.0,0.0,,,0.7525990870503074,0.6401327267107716,,
IDRiD_25_512_1536,0.6135853946199751,0.4892703862647982,0.10807113542845255,0.18315301389620145,0.6478551336117798,0.7334063090781828,,
IDRiD_25_512_2048,0.7521810830929458,0.638352144468085,0.18441161487049385,0.10453364134841081,0.6974158946787185,0.5669890597658636,0.7595981341876605,0.6123806768786176
IDRiD_25_512_2560,0.6706788637430963,0.5389823950439222,0.0,0.0,0.8514268721599948,0.8489805934421607,,
IDRiD_25_512_3072,,,0.0,0.0,0.7301815854717019,0.5944062774701449,,
IDRiD_25_512_512,0.28795128315406915,0.1681910569020228,,,,,,
IDRiD_26_0_1024,0.4527681344742118,0.39054373521843117,0.3182640144089939,0.20276497691180528,,,,
IDRiD_26_0_1536,0.724211953443405,0.5905656900572956,,,,,,
IDRiD_26_0_2048,,,0.0,0.0,,,,
IDRiD_26_0_2560,0.0,0.0,0.377063423093959,0.24942528734198705,,,,
IDRiD_26_1024_1024,,,0.0,0.0,,,,
IDRiD_26_1024_1536,,,0.0,0.0,,,,
IDRiD_26_1024_2048,0.6983400114082232,0.5436720142117939,0.0,0.0,,,,
IDRiD_26_1024_2560,0.32524660089775403,0.1942056669788537,0.10161290321761185,0.0690789473608466,,,,
IDRiD_26_1024_3072,0.9133569359481385,0.8527043269179525,0.0,0.0,,,,
IDRiD_26_1536_1024,,,0.0,0.0,,,,
IDRiD_26_1536_1536,,,0.36530442031982446,0.23052631576520777,,,,
IDRiD_26_1536_2048,0.0,0.0,,,,,,
IDRiD_26_1536_2560,,,0.244389027400949,0.16695059622368816,,,,
IDRiD_26_1536_3072,0.08754665761494583,0.050867507884429515,0.13686354378261248,0.0734586794895733,,,,
IDRiD_26_2048_1024,,,,,0.4362934362092098,0.2790123456101204,,
IDRiD_26_2048_1536,0.17979266594182589,0.7545454544474617,0.3984063743432644,0.27472527457432677,,,,
IDRiD_26_2048_2048,,,0.0,0.0,,,,
IDRiD_26_2048_3072,0.8725907029416624,0.7752455300834142,,,,,,
IDRiD_26_512_1024,0.5836104513029476,0.4569462525529389,0.0,0.0,,,,
IDRiD_26_512_1536,0.0,0.0,0.5592417060727897,0.4078341012885175,,,,
IDRiD_26_512_2048,0.6128973127520883,0.8691899760749797,0.44029216917886377,0.2993071593464363,0.6848691694952248,0.716325559223402,,
IDRiD_26_512_2560,,,0.4774869109697651,0.3162274618366,,,,
IDRiD_26_512_3072,0.6866450752511208,0.6197468876792773,0.0,0.0,,,,
IDRiD_26_512_3584,0.0,0.0,,,,,,
IDRiD_26_512_512,0.7087667161698081,0.8817005544471626,,,,,,
IDRiD_27_0_1024,,,,,0.8658008657071644,0.7858546167414824,,
IDRiD_27_0_1536,0.0,0.0,0.10671936756784202,0.08307692305136094,0.0695020746851918,0.03701657458359024,,
IDRiD_27_0_2048,0.1570370370337135,0.11819050652697705,,,,,,
IDRiD_27_0_2560,0.46537466068767513,0.6856398809396272,0.0,0.0,,,,
IDRiD_27_0_3072,,,0.0,0.0,,,,
IDRiD_27_0_512,0.0,0.0,0.7816954237973222,0.649625935081094,,,,
IDRiD_27_1024_0,0.6286760219569411,0.47136322048542795,0.0,0.0,0.019108280248691628,0.011583011578539377,,
IDRiD_27_1024_1024,0.0,0.0,0.586941580735844,0.5340838023430842,0.701200252662628,0.5718701699859933,,
IDRiD_27_1024_1536,0.0,0.0,0.6044718580875503,0.6758620688489894,0.7906156931818475,0.7624853458292791,,
IDRiD_27_1024_2048,,,0.7227671656828721,0.7954545453641529,0.6845505617881383,0.5998031011420182,,
IDRiD_27_1024_2560,,,0.0,0.0,,,,
IDRiD_27_1024_512,0.7074601843942276,0.9796865930946206,0.5043406366058562,0.39203084830385404,0.7344215417566161,0.7275731822388152,,
IDRiD_27_1536_0,0.820651284565453,0.8032996956527045,0.0,0.0,,,,
IDRiD_27_1536_1024,0.022971096806475185,0.01171623535455496,0.5633749526946014,0.6080032666146181,0.24071044636034797,0.14071038250981666,,
IDRiD_27_1536_1536,0.0,0.0,0.543006731447793,0.39370932750610527,0.7823754789212078,0.8004076512887989,,
IDRiD_27_1536_2048,,,0.3063457329745414,0.18087855292483757,0.48101265792340975,0.4086021500982773,,
IDRiD_27_1536_2560,,,0.5412541252339095,0.3923444974199309,,,,
IDRiD_27_1536_512,0.6770282872206143,0.6519006285478209,0.3602912993345998,0.44423440449487384,0.48561657613673687,0.3323237885416806,,
IDRiD_27_2048_1024,0.0,0.0,0.5493741307180329,0.7516650808038378,0.7414372061661948,0.718984044261837,,
IDRiD_27_2048_1536,0.0,0.0,0.3634639696471725,0.23760330577530567,0.6833224573442405,0.70143540668514,,
IDRiD_27_2048_2048,0.6877256317379186,0.595777951478047,0.5747126433478663,0.5747126430175717,0.0,0.0,,
IDRiD_27_2048_512,0.07452782031268362,0.04322084073160326,0.22222222221346644,0.17008443907297438,,,,
IDRiD_27_512_1024,0.0,0.0,0.495611073565455,0.5349854226625386,0.5988023951871706,0.5280528052456731,,
IDRiD_27_512_1536,,,0.22206303723337656,0.135489510477667,0.6791479026429229,0.6141667429247353,,
IDRiD_27_512_2048,,,0.5851703405640941,0.6375545848744303,0.7551543519363071,0.82453151616392,,
IDRiD_27_512_512,0.17145503146603638,0.91384339239592,0.523160762922415,0.35424354241675043,,,,
IDRiD_28_0_3072,,,,,0.0,0.0,,
IDRiD_28_1024_1536,,,0.0,0.0,0.41629955945990366,0.27917282126000104,,
IDRiD_28_1024_2048,,,0.0,0.0,0.0,0.0,,
IDRiD_28_1024_2560,0.632608010071504,0.6620462045767626,0.14747736091235739,0.22093023247250765,,,,
IDRiD_28_1024_3072,0.0,0.0,0.5545171338700129,0.5144508669033379,,,,
IDRiD_28_1536_1536,0.7092950717183626,0.8287172011057786,,,0.0,0.0,,
IDRiD_28_1536_2048,0.7804923362677149,0.93355555553481,0.7364864862376734,0.6488095234233276,0.4639321074308441,0.3065420560174688,,
IDRiD_28_1536_2560,0.8093245084640387,0.8789640591873259,0.2046979865428359,0.21554770310404672,0.3598691384558485,0.2323943661644515,,
IDRiD_28_1536_3072,,,0.0,0.0,,,,
IDRiD_28_2048_1024,0.0,0.0,,,,,,
IDRiD_28_2048_1536,0.6232580489999218,0.9614529280236135,0.11428571417687075,0.062499999934895835,,,,
IDRiD_28_2048_2048,0.8609841354971502,0.9101762364462662,0.03656307129130474,0.020080321281108367,,,,
IDRiD_28_2048_2560,0.0,0.0,0.4465558194420779,0.6558139533358572,,,,
IDRiD_28_2048_3072,0.7152317880478927,0.5567010308895738,,,,,,
IDRiD_28_2048_512,0.6382252558637841,0.46867167908053337,,,,,,
IDRiD_28_512_1536,0.8142557651877812,0.7444416048876964,,,,,,
IDRiD_28_512_2048,0.6048913043313888,0.45207148657790125,0.5419932810143345,0.8373702419247853,0.0,0.0,,
IDRiD_28_512_2560,0.0,0.0,0.199999999971831,0.12655971477244926,,,,
IDRiD_28_512_3072,0.07473684210132964,0.038819026788473536,,,,,,
IDRiD_29_0_1024,,,0.21118012417987989,0.11805555552822787,,,,
IDRiD_29_0_1536,,,0.5899999999262501,0.548837209174689,,,,
IDRiD_29_0_2560,0.0,0.0,0.15584415581042332,0.08450704223368379,,,,
IDRiD_29_1024_1024,,,,,0.7676056337802933,0.6443349753377174,,
IDRiD_29_1024_2048,,,0.2247585601207411,0.21440536009808955,,,,
IDRiD_29_1024_2560,,,0.0,0.0,,,,
IDRiD_29_1024_3072,0.0,0.0,,,,,,
IDRiD_29_1536_1024,,,0.0,0.0,0.0,0.0,,
IDRiD_29_1536_1536,,,0.4729064038632338,0.40449438190884984,,,,
IDRiD_29_1536_2560,,,0.38202247148087365,0.23943661938107522,,,,
IDRiD_29_1536_3072,0.5855393125015591,0.4645768024787099,0.6384615382159763,0.9325842686150739,,,,
IDRiD_29_2048_1024,,,0.663522012474289,0.6850649348425113,0.8055555544367284,0.9062499971679687,,
IDRiD_29_2048_1536,,,0.272727272654351,0.15789473679322144,,,,
IDRiD_29_2048_2560,,,0.35609756088875666,0.21661721061821446,0.72334293937704,0.9194139190771377,,
IDRiD_29_2048_3072,,,0.0,0.0,,,,
IDRiD_29_512_2048,,,0.5498154980535396,0.41274238215713505,,,,
IDRiD_29_512_2560,,,0.20642201830127935,0.11718749996948241,,,,
IDRiD_29_512_3072,,,0.0,0.0,,,,
IDRiD_30_0_1024,,,0.0,0.0,,,,
IDRiD_30_0_2048,0.764055274613256,0.8528737019991978,0.0,0.0,,,,
IDRiD_30_0_2560,0.6173235563561567,0.5186753946662043,0.04664723030709993,0.023880597007796836,,,0.8276645831608586,0.9999999999901922
IDRiD_30_1024_1024,0.8508549544158215,0.8210493441513528,,,0.4587003490035117,0.6146993318211715,,
IDRiD_30_1024_1536,,,,,0.8029007065773961,0.8907990647656334,,
IDRiD_30_1024_2048,0.0,0.0,0.7079747561269091,0.6648706895835269,0.45486111109982985,0.3099019939063906,,
IDRiD_30_1024_512,0.28604577575903334,0.17551126067595765,0.09935419770991782,0.08237232289272056,0.0,0.0,,
IDRiD_30_1536_1024,,,,,0.488413547226194,0.4419354838531478,,
IDRiD_30_1536_1536,,,,,0.08394915754998673,0.1111981205864371,,
IDRiD_30_1536_2048,0.801733477777407,0.6709844559411662,0.8043478259898131,0.8975741237472845,0.6645098673353442,0.5624315443284539,,
IDRiD_30_1536_2560,,,0.0,0.0,,,,
IDRiD_30_1536_512,0.0,0.0,0.0,0.0,0.567432567413672,0.41480038946373904,,
IDRiD_30_2048_2048,0.8538450710793701,0.8578297350725197,0.4475806451483992,0.5025873220890952,,,,
IDRiD_30_2048_2560,,,,,,,0.31925925924743487,0.19003527336022774
IDRiD_30_512_1024,0.0,0.0,,,,,,
IDRiD_30_512_2560,,,0.7780678850667058,0.8086838533502465,,,,
IDRiD_30_512_512,0.0,0.0,,,,,,
IDRiD_31_0_1024,,,0.5817044565612428,0.42176870743517364,,,,
IDRiD_31_0_1536,0.7674679541655036,0.869893633417335,0.03669724769968858,0.018975332064710564,0.6187040836546515,0.5156094870323705,0.8935879634878255,0.9201668854260258
IDRiD_31_0_2048,0.7198649116699001,0.6015630653404619,0.364088741439683,0.3763394770520215,0.7221536898576144,0.6199850485843511,0.7416799159223616,0.8118400094365764
IDRiD_31_0_2560,0.8166713251938983,0.7293908798361844,0.7799999997399999,0.6842105259156663,0.6207734359056333,0.4775700934430664,0.7882593457886371,0.8047107930708899
IDRiD_31_0_3072,0.872944478425127,0.8594303528350614,,,,,0.8560609558983421,0.8176785832414757
IDRiD_31_0_512,,,0.0,0.0,,,,
IDRiD_31_1024_0,,,0.0,0.0,,,0.06594360086672534,0.03409600717759689
IDRiD_31_1024_1536,0.9422130988797569,0.9302334474104158,0.06263982101506939,0.0323325635029255,0.8166158086345445,0.7112482853101638,,
IDRiD_31_1024_2048,,,0.5778443112907419,0.4530516430861381,0.7061104647902825,0.5609541413558581,,
IDRiD_31_1024_2560,0.0,0.0,,,,,,
IDRiD_31_1024_3072,0.0,0.0,,,,,,
IDRiD_31_1024_512,0.0,0.0,,,,,0.0,0.0
IDRiD_31_1536_0,0.4393473957236716,0.3333678649090089,,,,,0.00021408691928846753,0.000107054919173154
IDRiD_31_1536_1024,0.669334756308526,0.626227325667728,,,0.5829858214936203,0.44980694977800467,,
IDRiD_31_1536_1536,0.7977557411221441,0.7942322681112727,0.6084905658942239,0.6753926698034594,,,,
IDRiD_31_1536_2048,0.0,0.0,,,0.6602649006403886,0.5102354145081762,,
IDRiD_31_1536_2560,,,,,0.6118656182769169,0.7074380164704597,,
IDRiD_31_1536_512,0.7645592864621271,0.9435601359685774,0.0,0.0,0.0,0.0,0.0,0.0
IDRiD_31_2048_1024,,,0.0,0.0,,,,
IDRiD_31_2048_2048,,,,,0.8345534405805926,0.9595959592728632,,
IDRiD_31_512_0,0.6950327786138739,0.5419247026389272,,,0.0,0.0,,
IDRiD_31_512_1024,0.7523543773936033,0.9282742791431893,,,,,,
IDRiD_31_512_1536,0.5468266253764159,0.46495557747729666,0.5749999999673295,0.8769497398826778,,,,
IDRiD_31_512_2048,0.3234138124467482,0.4792013310350747,0.0,0.0,0.0,0.0,,
IDRiD_31_512_2560,0.0,0.0,0.7478260868481412,0.9052631575771006,0.7744614003503763,0.8339777670170619,,
IDRiD_31_512_3072,0.6185550477057288,0.6202959150752606,,,,,0.0,0.0
IDRiD_31_512_512,0.7981304556995942,0.8737396538707111,0.27177700338962474,0.15725806445271853,0.0,0.0,,
IDRiD_32_0_1024,0.7888198757708299,0.8769617074564193,,,,,,
IDRiD_32_0_2048,,,0.7155635061971768,0.557880055710198,,,0.7401182695069991,0.6147880041047162
IDRiD_32_0_2560,,,,,,,0.7341157092825443,0.8723820708468155
IDRiD_32_0_512,0.0,0.0,,,,,,
IDRiD_32_1024_2048,,,0.0,0.0,0.777899343502303,0.9186046510441079,,
IDRiD_32_1024_2560,0.0,0.0,,,0.840096781108021,0.9057588165337942,,
IDRiD_32_1024_3072,0.0,0.0,0.0,0.0,0.8509289584483889,0.8972277920974657,,
IDRiD_32_1536_0,0.0,0.0,,,,,,
IDRiD_32_1536_1024,,,,,0.0,0.0,,
IDRiD_32_1536_2048,,,,,0.3096484666933696,0.8023255810843699,,
IDRiD_32_1536_2560,,,,,0.8128293931514406,0.7360239977983086,,
IDRiD_32_1536_3072,,,,,0.7614436619550738,0.6956172094613745,,
IDRiD_32_1536_512,0.26058437685567726,0.3635607320828984,,,,,,
IDRiD_32_2048_0,0.0,0.0,,,,,,
IDRiD_32_2048_1024,0.7776750379095727,0.8512895258882899,,,,,0.0,0.0
IDRiD_32_2048_1536,0.0,0.0,0.0,0.0,,,,
IDRiD_32_2048_2048,0.7583932853489691,0.681940700771863,,,,,0.4512406231941648,0.29284002396425374
IDRiD_32_2048_2560,0.6887213078621196,0.7825869401953642,,,,,,
IDRiD_32_2048_3072,0.0,0.0,0.0,0.0,,,,
IDRiD_32_2048_512,0.7114914425394419,0.9927830993177695,,,,,0.8687810945183584,0.9985704074100888
IDRiD_32_512_1024,0.0,0.0,,,,,,
IDRiD_32_512_2048,,,,,0.6778042957809536,0.9999999992957747,,
IDRiD_32_512_2560,,,0.5930101464945874,0.4542314334275939,0.7338688438192397,0.6686262747370291,0.8935357917492968,0.876574736110375
IDRiD_32_512_3072,,,,,0.814173709389938,0.8000800480128061,,
IDRiD_32_512_512,0.0,0.0,,,,,,
IDRiD_33_0_1024,0.7117138180801563,0.6560344827303434,,,0.8670033669303868,0.8401305055725725,,
IDRiD_33_0_1536,0.458633144676037,0.9465837050839799,0.39215686266820454,0.4237288133797759,,,,
IDRiD_33_0_2048,0.0025351541373672677,0.4010695185021019,0.8739650413179424,0.8652094716092515,,,,
IDRiD_33_0_2560,0.6912449392703806,0.8991804088051769,0.634228187813049,0.5399999998457142,,,,
IDRiD_33_0_3072,0.7119628339002717,0.5777568331580976,0.0,0.0,,,,
IDRiD_33_1024_0,0.7995789984989694,0.6902914657112581,,,0.3238866395449852,0.19323671488249436,,
IDRiD_33_1024_1024,0.848398322469453,0.9404549950357972,0.4279069765451596,0.27218934895136726,0.5043948613587292,0.3905759161894685,,
IDRiD_33_1024_1536,0.7084595413202701,0.8585474567270772,0.5451618672769601,0.7355212354857374,0.5183917878473225,0.6642915867178874,,
IDRiD_33_1024_2048,0.30877611939929817,0.19246799642464324,0.4995151682989401,0.5696682464274987,0.6509272565479304,0.7346308310050258,,
IDRiD_33_1024_2560,0.6994584837518822,0.6029173419734009,0.4894706886645898,0.4068117313022135,0.6381566100246406,0.6013986013764667,,
IDRiD_33_1024_3072,0.8745278450342021,0.866596285806101,0.45624683863287185,0.38695838694178647,0.780219779791088,0.651376146191398,,
IDRiD_33_1024_3584,,,0.0,0.0,,,,
IDRiD_33_1024_512,0.713369441274539,0.5740995641169184,,,0.0,0.0,,
IDRiD_33_1536_0,,,0.0,0.0,0.0,0.0,,
IDRiD_33_1536_1024,0.552728226645426,0.4005703421977078,0.0,0.0,0.34608985023806693,0.21052631578095035,,
IDRiD_33_1536_1536,0.7961294627872747,0.7017647058685929,0.4772845952753376,0.43441064634653886,0.6298910541611946,0.6048327685191568,,
IDRiD_33_1536_2048,0.0,0.0,0.7061403508255745,0.6527027026144997,0.7045648385037099,0.7558278303703092,,
IDRiD_33_1536_2560,0.0,0.0,0.3348387096666181,0.4089834515044142,0.6439499304477756,0.5999352121606759,,
IDRiD_33_1536_3072,0.28048433048233273,0.17004922704749934,0.5378900445698627,0.48896893290209437,,,,
IDRiD_33_1536_3584,0.0,0.0,,,,,,
IDRiD_33_1536_512,0.836725260501543,0.8855034382487686,,,0.0,0.0,,
IDRiD_33_2048_1024,,,0.36472945884474356,0.22303921563160803,0.8689138575694241,0.8508557455132382,,
IDRiD_33_2048_1536,0.4814571709839066,0.48940783985839187,0.4201460400595367,0.3436447166816648,0.441495124581758,0.3063909774320906,,
IDRiD_33_2048_2048,0.5218926553580174,0.4347058823401557,0.36092265938115026,0.3151658767025673,0.7430491903407085,0.7830006439049195,,
IDRiD_33_2048_2560,0.7337620578660167,0.9280195200923945,0.5097402596575097,0.34505494497910877,0.5426695841857035,0.41891891884815563,,
IDRiD_33_2048_3072,0.0,0.0,0.08142493636604962,0.04244031829112989,,,,
IDRiD_33_2048_512,0.7238480469779384,0.7527366713929011,0.08083832334119187,0.043760129652551036,0.10282201732040173,0.34137291273814974,0.5365355135356511,0.4711900915370456
IDRiD_33_512_0,0.012177985948287619,0.00612629594712337,,,,,,
IDRiD_33_512_1536,0.8650880273294496,0.9472098098207709,0.19452887537008465,0.12817089451747857,0.40731070494311095,0.2744868035029626,,
IDRiD_33_512_2048,0.8178141075317908,0.7869483848198027,0.23536776212095878,0.21696480091073486,0.6517964071758713,0.5582051281908152,,
IDRiD_33_512_2560,0.6849250383641692,0.681665981315387,0.3039756515064871,0.36334697588161224,0.3744493391658096,0.3469387754394002,,
IDRiD_33_512_3072,0.17699654541579965,0.10818531859261973,0.297785069717072,0.23150510202605196,,,,
IDRiD_33_512_512,0.5539053482087191,0.5520785396490866,0.0,0.0,,,,
IDRiD_34_0_1024,0.8336053977536532,0.9368884540002826,0.0,0.0,0.0,0.0,,
IDRiD_34_0_1536,,,0.0,0.0,,,,
IDRiD_34_0_2048,0.38800912349046585,0.2431196406676756,,,,,,
IDRiD_34_0_2560,0.0,0.0,,,0.43565054015458365,0.2893915756585118,,
IDRiD_34_0_3072,,,0.0,0.0,0.0,0.0,,
IDRiD_34_0_512,0.0,0.0,,,,,,
IDRiD_34_1024_1024,,,,,0.3564013840213839,0.2224622029757101,,
IDRiD_34_1024_1536,,,0.3513353115518495,0.2664266426402856,0.3657817108605042,0.25050505045444343,,
IDRiD_34_1024_2048,,,0.19958419954270598,0.11085450343860173,,,,
IDRiD_34_1024_3072,0.8237063175406008,0.7707971132308904,0.0,0.0,0.8002013084851485,0.7582260371598367,,
IDRiD_34_1024_3584,0.0,0.0,,,,,,
IDRiD_34_1024_512,,,,,0.0,0.0,,
IDRiD_34_1536_0,0.004313343536911692,0.00216133305443658,,,,,,
IDRiD_34_1536_1024,0.0,0.0,0.0,0.0,0.565182186189054,0.4199759325607731,,
IDRiD_34_1536_1536,0.45237617805389263,0.29230370561564384,0.0,0.0,0.0,0.0,,
IDRiD_34_1536_2048,0.0,0.0,0.0,0.0,,,,
IDRiD_34_1536_3072,0.8324321636762346,0.8093833844944299,,,0.6254408652568672,0.7643678160480248,,
IDRiD_34_1536_3584,0.008398320335429015,0.0042168674696254895,,,,,,
IDRiD_34_1536_512,0.5313248887358245,0.3836645901305654,0.43563432833789023,0.863216266014193,,,,
IDRiD_34_2048_0,0.0,0.0,,,,,,
IDRiD_34_2048_1024,0.7681755829377108,0.9807355514919903,0.5778979384732039,0.4279279279065101,0.7389162561056357,0.746799430903727,,
IDRiD_34_2048_1536,0.6757630161564727,0.5974129037354281,,,0.10896057346889171,0.06413502109163417,,
IDRiD_34_2048_2048,0.5776820954362195,0.42375855412486824,0.18414918412772155,0.12950819670008062,0.15634674921390504,0.09739633557402157,,
IDRiD_34_2048_2560,0.7163788266079045,0.5802151189184456,,,,,,
IDRiD_34_2048_3072,,,,,0.824628653549961,0.8411534701446162,,
IDRiD_34_2048_512,0.7466084601974232,0.6750437172087183,0.23882352939771626,0.13605898122412471,0.0,0.0,,
IDRiD_34_512_1024,0.7710157396619629,0.6761722997699203,0.5144508670148518,0.6323268204915938,0.7746243738272748,0.987234042133092,,
IDRiD_34_512_1536,0.035106966536746734,0.01787709497106832,0.37769784165868747,0.4708520177260753,0.6623516719889588,0.8696883850227511,,
IDRiD_34_512_2560,0.06612971597854474,0.034315882092638986,,,0.09793103447600475,0.0541158536544119,,
IDRiD_34_512_3072,0.3745775645896949,0.23277555720999404,0.0,0.0,0.0,0.0,,
IDRiD_34_512_3584,0.0,0.0,,,,,,
IDRiD_34_512_512,0.6185249136636084,0.48599670510472914,0.1195876288577603,0.07084690553168999,,,,
IDRiD_35_0_1024,,,0.0,0.0,0.0,0.0,,
IDRiD_35_0_1536,0.027429495900182264,0.03427048879057083,,,0.0,0.0,0.0,0.0
IDRiD_35_0_2048,0.8345823043506402,0.8304628746937179,0.22957198439113388,0.13947990540437827,,,0.0,0.0
IDRiD_35_0_2560,0.39392318390822206,0.8802295003480727,,,,,,
IDRiD_35_1024_0,0.5223722250211889,0.4875362031821978,,,,,,
IDRiD_35_1024_1024,0.1379386005007443,0.9071669071450899,,,,,,
IDRiD_35_1024_1536,0.31683728127556715,0.9377311960459949,,,0.21153846150456115,0.14798206274708922,0.13857982813081338,0.07444844008091701
IDRiD_35_1024_2048,0.7766170729092718,0.7558796343765443,0.16167664665818063,0.1093117408464325,0.8030147310688462,0.7692812602496777,,
IDRiD_35_1024_2560,0.4657883061006852,0.31549376747506863,0.3474400710166487,0.3150831991242575,0.6632522407028756,0.6559729843539058,,
IDRiD_35_1024_3072,0.9184548372295753,0.8930474131185372,,,,,,
IDRiD_35_1024_512,0.6838845534455352,0.9293048308209173,0.0,0.0,,,,
IDRiD_35_1536_0,0.0,0.0,,,,,,
IDRiD_35_1536_1024,,,0.20640569393181443,0.13859020308977418,,,,
IDRiD_35_1536_1536,,,0.007604562736196851,0.0038167938924013756,,,,
IDRiD_35_1536_2048,,,0.05925925925633287,0.030534351143484257,0.6938098747108731,0.5884374999816113,,
IDRiD_35_1536_2560,0.0,0.0,0.632352941129974,0.6125356124483567,0.49408672792456154,0.400852878379349,,
IDRiD_35_1536_3072,0.69102608695532,0.8888640329251986,,,,,,
IDRiD_35_1536_512,0.5118724646661604,0.8873510704967869,,,,,,
IDRiD_35_2048_1024,,,,,,,0.6022669599018651,0.430888404741137
IDRiD_35_2048_2048,0.8381168009533321,0.9985718819263952,0.0,0.0,0.43026004717960753,0.2740963854596095,,
IDRiD_35_2048_512,0.37774362422463437,0.4938155333679047,,,,,0.8203839807978837,0.7463837336193614
IDRiD_35_512_0,0.0,0.0,,,,,,
IDRiD_35_512_1024,,,0.0,0.0,,,,
IDRiD_35_512_1536,0.20488444516956428,0.11413440467286096,,,0.0,0.0,0.23576423575638483,0.13363533408329048
IDRiD_35_512_2048,0.779093369417254,0.7228953481057131,0.4512820512748192,0.6838271005010284,0.29602888075955636,0.17372881348570812,0.0,0.0
IDRiD_35_512_2560,0.4440423882025319,0.29237576581714175,0.6607387140450931,0.49336057196186306,,,,
IDRiD_35_512_512,0.11276083466981579,0.15550636413515478,0.0,0.0,,,,
IDRiD_36_0_1024,,,0.6370262390206248,0.4818081587120388,,,,
IDRiD_36_0_1536,0.6362588822677524,0.9236130470888315,0.2232415901799325,0.16704805488168237,0.726906281467017,0.6099210822655061,,
IDRiD_36_1024_1024,,,0.0,0.0,0.770949720455042,0.6666666663446055,,
IDRiD_36_1024_1536,0.9166666666430899,0.8688444660717287,0.26477024067125055,0.18935837242733047,0.4715615304579564,0.31020408159044843,,
IDRiD_36_1024_2048,,,0.6847360912004656,0.5274725273565994,,,,
IDRiD_36_1024_3584,0.0,0.0,,,,,,
IDRiD_36_1024_512,0.4901477832311105,0.3329615169920267,0.23473282440508272,0.3917197450981784,,,,
IDRiD_36_1536_1024,,,0.0,0.0,0.2366548042494079,0.13739669420068215,,
IDRiD_36_1536_1536,0.8360028127164778,0.7690096305823702,,,,,,
IDRiD_36_1536_2048,0.3300402487987545,0.19763365468020888,,,,,,
IDRiD_36_1536_3584,0.0,0.0,,,,,,
IDRiD_36_1536_512,0.0,0.0,0.6899563317270837,0.6124031005378282,0.06201550382789496,0.0319999999744,,
IDRiD_36_2048_1024,,,0.0,0.0,0.7354838708999554,0.6762711863260558,,
IDRiD_36_2048_1536,,,0.33489827850784065,0.2011278195110662,,,,
IDRiD_36_2048_3072,0.35849767617020944,0.22785517544118855,,,,,,
IDRiD_36_2048_512,0.0,0.0,0.2790697674136431,0.1815789473445291,,,,
IDRiD_36_512_1024,,,0.0,0.0,,,,
IDRiD_36_512_1536,,,0.6418962203509964,0.6317780579677315,0.6006631927711671,0.510878323891146,,
IDRiD_36_512_2048,,,0.6741154561965167,0.5282101166801352,0.0,0.0,,
IDRiD_37_0_1024,0.1922635633494826,0.10914166085085303,,,0.0,0.0,,
IDRiD_37_0_1536,,,0.7546666665660445,0.6919315401731219,,,,
IDRiD_37_0_2048,,,0.7115902964000552,0.5617021275400633,0.0,0.0,,
IDRiD_37_1024_1024,,,0.0,0.0,,,,
IDRiD_37_1024_1536,0.0,0.0,0.6458072589930154,0.5477707005206431,0.827062954597272,0.7531117962686638,,
IDRiD_37_1024_2048,,,0.17361111105082946,0.09505703418438895,0.8344745919742858,0.7367272727205751,,
IDRiD_37_1024_2560,,,0.0,0.0,0.0,0.0,,
IDRiD_37_1024_3072,,,0.0,0.0,,,,
IDRiD_37_1536_1536,,,0.6675938803430046,0.6075949366319501,,,,
IDRiD_37_1536_2048,0.27951356407334865,0.4122516556063879,,,0.770114942381204,0.9852941171640716,,
IDRiD_37_1536_2560,,,0.6339039204509164,0.4651539707888854,0.0,0.0,,
IDRiD_37_1536_3072,0.619257950502683,0.6032702237002349,0.20763956902961414,0.12412177984495061,0.0,0.0,,
IDRiD_37_1536_512,0.20406923777503724,0.16446402349217712,,,,,,
IDRiD_37_2048_3072,,,0.007017543858417975,0.003521126759943464,,,,
IDRiD_37_2048_512,0.9066099592361828,0.8801468058162616,,,,,,
IDRiD_37_512_1536,0.0,0.0,,,0.4344131704495797,0.3138910206973222,,
IDRiD_37_512_2048,0.0,0.0,0.0,0.0,0.6419413919315943,0.6058772687811618,,
IDRiD_37_512_2560,,,0.6455696202077658,0.9745222927867255,0.6839826836865877,0.6124031003004627,,
IDRiD_38_0_2048,,,0.0,0.0,,,,
IDRiD_38_0_2560,,,0.0,0.0,,,,
IDRiD_38_0_512,,,,,0.0,0.0,,
IDRiD_38_1024_1024,,,0.48268839098954297,0.3202702702269905,0.0,0.0,,
IDRiD_38_1024_1536,0.0,0.0,0.10225563909005596,0.06952965234462888,,,,
IDRiD_38_1024_2048,,,0.4039215685482507,0.2530712530090734,,,,
IDRiD_38_1024_3072,,,0.14285714283163267,0.07692307690828402,,,,
IDRiD_38_1536_1024,,,0.14375987360633807,0.07858376510547635,0.5053242981117788,0.47454545445917357,,
IDRiD_38_1536_1536,,,0.0,0.0,0.5840748345815187,0.43133951136594206,,
IDRiD_38_1536_2048,,,0.15686274507007794,0.08510638296226183,0.16533333328924443,0.09171597630422604,,
IDRiD_38_1536_2560,,,0.0,0.0,,,,
IDRiD_38_1536_3072,,,,,,,0.0034129692832117376,0.001709401709369242
IDRiD_38_2048_1024,,,0.6053240740390438,0.4591747146216703,0.31769784171747634,0.47958297128761224,,
IDRiD_38_2048_1536,,,0.0,0.0,0.24591738710413857,0.14019715222998935,,
IDRiD_38_2048_2048,0.04961505560166481,0.025785417900836237,,,,,,
IDRiD_38_512_1024,,,0.18326693219790163,0.10087719293821176,0.5443234835856418,0.3906249999128069,,
IDRiD_38_512_1536,,,0.5971107543182808,0.4325581394342888,0.5438233263944912,0.3734597156044114,,
IDRiD_38_512_2560,0.8917503273484996,0.934583714504365,0.0,0.0,0.0,0.0,,
IDRiD_38_512_3072,,,0.0,0.0,,,0.8372627170139929,0.9353256357940131
IDRiD_39_0_1024,0.1421143847404902,0.07649253730867583,0.0,0.0,,,0.5176114474337148,0.6141038197644759
IDRiD_39_0_1536,0.006094022054467585,0.024390243899606246,0.0,0.0,0.0,0.0,,
IDRiD_39_0_2048,0.47999243212108605,0.549610051981161,0.44363304425177397,0.32705248988377844,,,,
IDRiD_39_0_2560,0.7155987167243657,0.9533876277886363,,,,,0.8257336342928728,0.8566744730277904
IDRiD_39_0_3072,0.16378218656970106,0.08919540229474965,,,,,,
IDRiD_39_0_512,0.6273408239504575,0.9940652818007849,0.0,0.0,0.06865177832635849,0.11840228243674718,0.5277526519157326,0.399477156723522
IDRiD_39_1024_0,0.7296477723264561,0.626602564090012,0.6606822261525419,0.5264663804683167,,,,
IDRiD_39_1024_1024,0.7909353476829386,0.8695652173488243,0.5633484162258656,0.3996789726485267,0.16842105258725762,0.14285714279336736,,
IDRiD_39_1024_1536,0.0,0.0,0.3395973154248457,0.2336103416327973,0.4178298063747038,0.41281138786362886,,
IDRiD_39_1024_2048,0.7236740968346719,0.6216573126239137,0.7162534434867077,0.6721820061352449,0.6821946169419154,0.8186335402709772,,
IDRiD_39_1024_3072,0.0,0.0,0.5251231526834914,0.38567293774343897,0.5240494731780097,0.35505896956206956,,
IDRiD_39_1024_3584,0.8310226492736374,0.7349763263234796,,,0.0,0.0,,
IDRiD_39_1024_512,0.5656473451914552,0.4694444444325898,0.4052732298446678,0.2771960442036883,0.06208425719244251,0.03218390803857841,,
IDRiD_39_1536_0,,,0.0,0.0,,,,
IDRiD_39_1536_1024,0.1755731696908244,0.09758408337188455,0.33628318582653677,0.2819787985666446,0.743749999767578,0.7391304343235215,,
IDRiD_39_1536_1536,0.1314126120809729,0.18805216658863896,0.15418939017961852,0.08918841410699202,0.385318438990493,0.7802585193431105,,
IDRiD_39_1536_2048,0.6177863910355536,0.4932095581830289,0.5051326747916883,0.4096764058935069,,,,
IDRiD_39_1536_2560,0.4749703440057337,0.9141552511137244,0.0,0.0,,,,
IDRiD_39_1536_3072,0.7229791673229761,0.6096715717604517,0.3045112781382498,0.1879350347591798,0.7503782147124995,0.6985915490989882,,
IDRiD_39_1536_512,0.0,0.0,0.3290999447637162,0.5477941175463614,,,,
IDRiD_39_2048_0,0.0,0.0,,,,,,
IDRiD_39_2048_1024,0.6733719991140638,0.7630615640472036,0.12499999999226484,0.10942578547026807,0.27330677289747785,0.22200647247754002,0.0,0.0
IDRiD_39_2048_1536,0.19593468843555534,0.39850897999327317,0.3174603174267238,0.20270270267531046,0.3258426965376846,0.3717948715565418,,
IDRiD_39_2048_2048,0.5743318485443439,0.4496512641575926,0.4158829675636486,0.3592057761084466,,,,
IDRiD_39_2048_2560,0.7477719528165994,0.7034057635977703,0.0,0.0,,,,
IDRiD_39_2048_3072,0.7197317236734547,0.8425350166393911,,,,,0.5170871794850581,0.4239203551700261
IDRiD_39_2048_512,0.7861303938298876,0.9064435684908178,0.5229591836401174,0.3817504655138035,0.40490797539802026,0.2913907284124965,0.10869899922850348,0.05747313578545306
IDRiD_39_512_0,,,0.0,0.0,,,,
IDRiD_39_512_1024,0.6442716037570059,0.5961674319975612,0.5655454661649119,0.7505091649439746,0.6143737166198281,0.5475841873884486,,
IDRiD_39_512_1536,0.5527588952154059,0.49387174436149117,0.2674379797500563,0.3147420790700513,0.5856741572896612,0.44598930479693444,,
IDRiD_39_512_2048,0.5127551020335493,0.3830192674066691,0.0,0.0,0.6620795106864914,0.6744548286254177,,
IDRiD_39_512_2560,0.4639627295085782,0.9111948331048872,0.5005086469480663,0.33514986371455724,,,0.6484531940277841,0.47978596905589854
IDRiD_39_512_512,0.5617914468483455,0.5567296996601031,0.001266624445771588,0.0006648936169770682,0.0,0.0,,
IDRiD_40_0_1024,0.7386687386496071,0.8951663527372776,0.0,0.0,,,,
IDRiD_40_0_1536,0.20408163262529502,0.1231527093393838,0.2869955156628929,0.2622950819134641,,,,
IDRiD_40_0_2048,,,0.5163346613134394,0.539101497414459,0.6738283306932719,0.5313070918363842,,
IDRiD_40_1024_0,,,0.0,0.0,0.0,0.0,,
IDRiD_40_1024_2048,,,0.4879999998048,0.36094674534855226,0.0,0.0,,
IDRiD_40_1024_2560,,,0.7196765498167333,0.8030075186762395,0.0,0.0,,
IDRiD_40_1024_3072,,,0.0,0.0,,,,
IDRiD_40_1536_1536,,,,,0.8488372090555705,0.8390804592878848,,
IDRiD_40_1536_2048,,,0.14634146329565736,0.07894736835180056,0.0,0.0,,
IDRiD_40_1536_2560,,,0.4862614487521847,0.5087108013051027,,,,
IDRiD_40_1536_3072,,,0.7329650090731188,0.9802955660195589,,,,
IDRiD_40_1536_512,,,,,0.0,0.0,,
IDRiD_40_2048_1024,,,0.41405269756410884,0.6346153843713017,,,,
IDRiD_40_2048_1536,0.0,0.0,0.7049689439899117,0.9458333329392361,,,,
IDRiD_40_2048_2048,,,0.0,0.0,0.0,0.0,,
IDRiD_40_2048_2560,,,0.30297219556059707,0.18787158142831492,,,,
IDRiD_40_2048_3072,,,0.2250639385613647,0.12680115270121003,,,,
IDRiD_40_2048_512,,,0.0,0.0,,,,
IDRiD_40_512_1536,,,0.0,0.0,,,,
IDRiD_40_512_2048,,,,,0.0,0.0,,
IDRiD_40_512_2560,,,0.191616766428819,0.10738255031154752,0.0,0.0,,
IDRiD_41_0_3072,,,0.656050955309546,0.5421052630152354,,,,
IDRiD_41_1024_1024,0.0,0.0,0.4970588235050461,0.9530075186178558,,,,
IDRiD_41_1024_1536,,,0.4984520123728781,0.5894351464126865,0.6676875956098488,0.5117370890817519,,
IDRiD_41_1024_2048,,,,,0.7855321122006601,0.7668628338267605,,
IDRiD_41_1024_512,,,,,0.378316032251636,0.2332859174632595,,
IDRiD_41_1536_1024,,,,,0.7594278282497493,0.6334056397758339,,
IDRiD_41_1536_3072,0.8251968503612128,0.739069111372421,0.45412844026281457,0.44196428551698025,,,,
IDRiD_41_1536_3584,0.0,0.0,,,,,,
IDRiD_41_1536_512,,,,,0.0,0.0,,
IDRiD_41_2048_1024,0.0,0.0,0.7186588920758995,0.6209068009293569,,,,
IDRiD_41_2048_2048,,,0.0,0.0,,,,
IDRiD_41_2048_2560,,,0.8056722688652482,0.8856812932002678,,,,
IDRiD_41_512_1536,,,0.0,0.0,0.7372549018644111,0.5999999998723404,,
IDRiD_41_512_2048,,,,,0.0,0.0,,
IDRiD_41_512_3072,,,,,0.0,0.0,,
IDRiD_42_0_1024,,,,,0.5597609561195458,0.4144542772250068,,
IDRiD_42_0_512,0.0,0.0,0.47317073159190953,0.3688212926354291,,,,
IDRiD_42_1024_0,,,0.0,0.0,0.07216035634422449,0.03743068391693943,,
IDRiD_42_1024_1536,,,0.5828220857107907,0.45454545432796867,,,,
IDRiD_42_1024_2048,,,,,0.6988936988768905,0.5740813907319605,,
IDRiD_42_1024_2560,,,,,0.7608803165088912,0.7658038825095619,,
IDRiD_42_1024_3072,,,,,0.5019920316725132,0.34426229489384574,,
IDRiD_42_1024_512,,,,,0.0,0.0,,
IDRiD_42_1536_0,0.7400468383497231,0.5873605947227558,,,,,,
IDRiD_42_1536_1536,,,0.0,0.0,,,,
IDRiD_42_1536_2048,,,0.3024054981778675,0.18723404247351744,0.4243542435163374,0.269741985905415,,
IDRiD_42_1536_2560,,,,,0.4081954294398585,0.25643564353896675,,
IDRiD_42_2048_1536,,,0.0,0.0,,,,
IDRiD_42_2048_2048,,,,,0.0,0.0,,
IDRiD_42_2048_2560,,,0.7056603772253471,0.5736196317258835,0.0,0.0,,
IDRiD_42_512_1536,,,0.0,0.0,,,,
IDRiD_42_512_2048,,,0.3650190112680536,0.22325581384964846,,,,
IDRiD_42_512_2560,,,,,0.6990144048480841,0.5556276654871535,,
IDRiD_42_512_3072,,,,,0.008281573497250191,0.004158004157139708,,
IDRiD_42_512_512,0.3831993777447965,0.23701090441831268,,,0.0,0.0,,
IDRiD_43_1024_2048,,,,,0.8373355606576599,0.8015190885428667,,
IDRiD_43_1024_2560,,,0.0,0.0,0.7459675523142583,0.6500163907529503,,
IDRiD_43_1024_3072,,,,,0.1216757741303579,0.06477889836831735,,
IDRiD_43_1024_3584,,,,,0.07547169810529647,0.03921568627023794,,
IDRiD_43_1536_2048,,,,,0.7439886845616976,0.6961355214030632,,
IDRiD_43_1536_2560,,,,,0.7854452678849141,0.6944146079409836,,
IDRiD_43_512_2048,,,,,0.746526987001901,0.8336724312902506,,
IDRiD_43_512_2560,,,,,0.0,0.0,,
IDRiD_43_512_3072,,,,,0.0,0.0,,
IDRiD_44_0_1024,,,0.0,0.0,,,,
IDRiD_44_0_2560,,,,,0.8225983732507672,0.8424133272921022,,
IDRiD_44_0_3072,,,,,0.0,0.0,,
IDRiD_44_0_512,,,,,0.24979184011242364,0.1427212178741464,,
IDRiD_44_1024_0,,,,,0.0,0.0,,
IDRiD_44_1024_1024,,,0.0,0.0,0.0,0.0,,
IDRiD_44_1024_1536,,,,,0.038725796374845356,0.019745222928678648,,
IDRiD_44_1024_3072,,,,,0.753351206333331,0.6203090506356933,,
IDRiD_44_1024_512,,,,,0.0,0.0,,
IDRiD_44_1536_1024,0.6749938770346561,0.5295926210403693,,,0.6320921985675512,0.4721854304479409,,
IDRiD_44_1536_1536,,,,,0.0,0.0,,
IDRiD_44_1536_2560,,,,,0.0,0.0,,
IDRiD_44_1536_3072,,,,,0.0,0.0,,
IDRiD_44_1536_512,,,0.0,0.0,0.0,0.0,,
IDRiD_44_2048_1024,,,,,0.0,0.0,,
IDRiD_44_2048_1536,0.004999999999791667,0.0025062656640557116,,,0.688899475908104,0.5277372262388512,,
IDRiD_44_2048_512,,,0.8199999998359999,0.7765151512210169,0.522793404457462,0.3645586743279838,,
IDRiD_44_512_1024,,,0.0,0.0,,,,
IDRiD_44_512_1536,0.17652958874859281,0.09680968095744669,0.4092664091083913,0.3925925923017833,,,,
IDRiD_44_512_2048,,,,,0.5847076461476908,0.4131355931911627,,
IDRiD_44_512_2560,,,0.0,0.0,0.0,0.0,,
IDRiD_44_512_512,,,0.0,0.0,,,,
IDRiD_45_0_1024,,,0.0,0.0,0.3793395427443125,0.23741388446012643,,
IDRiD_45_0_1536,0.7667969648159724,0.6568187189737901,0.0,0.0,0.7509677419316079,0.6242491848238866,,
IDRiD_45_0_2048,,,,,0.5631578947121423,0.39314145741621914,,
IDRiD_45_0_2560,,,,,0.8304319793146078,0.7139689577922429,,
IDRiD_45_0_512,,,,,0.0,0.0,,
IDRiD_45_1024_1024,0.0,0.0,0.0,0.0,0.0,0.0,,
IDRiD_45_1024_2560,,,,,0.5631412785997801,0.6597318538761104,,
IDRiD_45_1024_512,,,,,0.6655462184714155,0.5067641681715992,,
IDRiD_45_1536_0,,,0.0,0.0,,,,
IDRiD_45_1536_1024,,,0.3675675673688824,0.22516556276479102,0.5443925233485867,0.4052173912867297,,
IDRiD_45_1536_1536,,,,,0.22639593907480224,0.1324228028424927,,
IDRiD_45_1536_2048,,,0.05921052629631232,0.03050847456592933,,,,
IDRiD_45_1536_2560,,,,,0.3827956988424095,0.2392473117636432,,
IDRiD_45_1536_3072,,,,,0.6479591835081736,0.9921874992248536,,
IDRiD_45_1536_512,,,0.0,0.0,0.37491869389391286,0.23370094063844143,,
IDRiD_45_2048_1024,0.0,0.0,0.6870897153857571,0.6738197422000773,0.0,0.0,,
IDRiD_45_2048_1536,,,0.0,0.0,,,,
IDRiD_45_2048_2560,,,,,0.0,0.0,,
IDRiD_45_2048_512,,,,,0.8050971871466023,0.728402932730545,,
IDRiD_45_512_1024,,,0.0,0.0,0.6283397825570602,0.48853868193442584,,
IDRiD_45_512_1536,,,,,0.0,0.0,,
IDRiD_45_512_2560,,,,,0.0,0.0,,
IDRiD_45_512_512,,,,,0.49782419490880553,0.35660847875852764,,
IDRiD_46_0_1024,,,0.44835680745911305,0.28939393935009183,,,,
IDRiD_46_0_1536,0.8046494187924766,0.695398574161024,,,,,,
IDRiD_46_1024_1024,0.8604363935657962,0.7633308984474475,0.5742509054799391,0.5060940220251832,0.0,0.0,,
IDRiD_46_1024_1536,0.5695902162987825,0.5206690860529735,0.09781790819429512,0.058717253833900876,0.7720761009597056,0.651070629589958,,
IDRiD_46_1024_2048,0.7416772018513517,0.6028147963594295,0.5562817719276484,0.49039692695385445,0.10268948652745978,0.05412371132625677,,
IDRiD_46_1536_1024,0.5737680947485971,0.9405560881958226,0.620860108718692,0.5202982601060233,,,,
IDRiD_46_1536_1536,0.7627118643906206,0.9360374414489839,0.6118326117443244,0.6523076921069823,0.0,0.0,,
IDRiD_46_1536_2048,0.7358490565972857,0.6266706712625519,0.8441247000373802,0.8627450976163015,,,,
IDRiD_46_1536_512,0.8593181065840623,0.8723118279504756,,,,,,
IDRiD_46_2048_1024,0.8391143911426728,0.8248454774939066,0.4080068142926743,0.6952104498265297,,,0.6595352071225643,0.9594615623952734
IDRiD_46_2048_1536,0.7568256279508843,0.7333333333203997,0.03389830507516997,0.03870967739438085,,,,
IDRiD_46_2048_2048,0.32364449412175395,0.2028731604694158,0.0,0.0,0.0,0.0,0.8576357179053392,0.8441869756208131
IDRiD_46_2048_2560,,,,,,,0.0,0.0
IDRiD_46_2048_3072,0.6842521464037266,0.9119241192274627,0.5633802815767847,0.3921568626352502,,,0.49314585445191894,0.34107676360989525
IDRiD_46_2048_512,0.8702675145539985,0.8362295673653575,0.0,0.0,0.0,0.0,0.9529555758572756,0.9882016446157018
IDRiD_46_512_1024,0.8383561643791445,0.9274889251465669,0.0,0.0,,,,
IDRiD_46_512_1536,0.806792139594697,0.7418284386900885,0.44533869882995714,0.6587301585994583,0.7274001401439748,0.6763096168705679,0.9094729149522071,0.9822027544257046
IDRiD_46_512_2048,0.630668784183601,0.548327707877442,0.0,0.0,0.6968749998911133,0.5547263680212123,0.7355880092189624,0.9335067468552511
IDRiD_47_0_1024,0.0,0.0,,,0.23659305991824975,0.13416815741197063,,
IDRiD_47_0_1536,,,,,0.5382899628195614,0.3958756444243731,,
IDRiD_47_0_2048,,,0.0,0.0,0.0,0.0,,
IDRiD_47_0_2560,0.4267367191936154,0.2712430426615494,0.65237020308664,0.558994197183947,,,0.9012862616298559,0.9754746601078893
IDRiD_47_0_512,,,,,0.0,0.0,,
IDRiD_47_1024_0,,,,,0.5899159663700304,0.4183551847271214,,
IDRiD_47_1024_1024,0.0,0.0,,,,,,
IDRiD_47_1024_2048,,,0.7906137182688423,0.7551724135326991,0.04402294328361456,0.7625538019539058,,
IDRiD_47_1024_3072,0.0,0.0,,,,,,
IDRiD_47_1024_3584,,,0.0,0.0,,,,
IDRiD_47_1024_512,,,0.7015873014759385,0.7175324672995024,0.7125188297759751,0.6006148499592286,,
IDRiD_47_1536_0,,,0.0,0.0,,,,
IDRiD_47_1536_1024,,,,,0.27543166215362114,0.16317475967061437,,
IDRiD_47_1536_1536,,,,,0.0,0.0,,
IDRiD_47_1536_3072,0.7900288389333938,0.8543233082633772,,,,,,
IDRiD_47_1536_512,,,0.0,0.0,,,,
IDRiD_47_2048_0,,,,,0.0,0.0,,
IDRiD_47_2048_1536,0.050961064563573376,0.28297755882413916,,,,,,
IDRiD_47_2048_2048,0.0,0.0,,,,,,
IDRiD_47_2048_2560,0.0,0.0,0.40390879472249047,0.28770301617454686,,,,
IDRiD_47_2048_512,,,,,0.7833935017343507,0.7418803417535248,,
IDRiD_47_512_0,,,,,0.0,0.0,,
IDRiD_47_512_1024,,,0.6706408345252876,0.9999999997777778,,,,
IDRiD_47_512_1536,,,0.7266881028354751,0.9596602970361655,,,,
IDRiD_47_512_2048,,,,,0.8119914346721201,0.7571884983723168,,
IDRiD_47_512_2560,,,,,0.59316321614862,0.4666666666313131,,
IDRiD_47_512_512,,,0.0,0.0,0.39223057642881487,0.26832404628082623,,
IDRiD_48_0_1536,,,0.0,0.0,,,,
IDRiD_48_0_2048,0.39935064934783066,0.25548631806867617,0.42980935871492115,0.34254143641677604,0.5760869564173756,0.4984326017246292,,
IDRiD_48_0_2560,0.0,0.0,0.0,0.0,0.705557473242099,0.6178960096641793,,
IDRiD_48_0_3072,,,0.0,0.0,,,,
IDRiD_48_1024_0,0.13962080699912863,0.9999999998607243,0.0,0.0,,,,
IDRiD_48_1024_1024,0.0,0.0,0.0,0.0,0.2514677103595172,0.4597495526905636,0.8809636395289292,0.9747755686458403
IDRiD_48_1024_1536,0.15672463129917757,0.28389154703812236,,,0.4464944649034599,0.5020746886925156,,
IDRiD_48_1024_2048,0.005785363031496757,0.005899008966424032,0.0,0.0,0.7760004619693018,0.8722575619775119,,
IDRiD_48_1024_2560,0.0,0.0,0.423216444973333,0.4473796335557146,0.8463697782842725,0.851107602505021,,
IDRiD_48_1024_3072,0.20372998175345905,0.11402314499530265,0.003414134516783403,0.001935733642975775,0.8145193997511523,0.7811487099600526,,
IDRiD_48_1024_512,0.5117762512141371,0.3532001354435083,,,,,,
IDRiD_48_1536_1024,,,,,0.4650068128271398,0.3081089953987507,0.7665576451192445,0.7290046656015162
IDRiD_48_1536_1536,0.0,0.0,0.32173095011084374,0.3160813308103362,0.8122412773486787,0.858348088736286,,
IDRiD_48_1536_2048,,,,,0.6634674649966388,0.5649272754493557,,
IDRiD_48_1536_2560,0.29466254961205723,0.1734164070522629,0.0,0.0,0.8148132263995909,0.8005646384594616,,
IDRiD_48_1536_3072,0.497635547094258,0.3618668627520141,0.4815724814541591,0.3171521034572323,0.4115138592311819,0.2793053545181903,0.8759396433422445,0.8790748898581598
IDRiD_48_1536_512,0.0,0.0,0.0,0.0,0.43079829946004733,0.27569528414294464,,
IDRiD_48_2048_1024,,,0.0,0.0,0.7835051546259337,0.6789689513567965,0.769643109038559,0.6656364375708366
IDRiD_48_2048_1536,,,,,0.7663690475620261,0.7142857141866455,,
IDRiD_48_2048_2048,0.0,0.0,0.0,0.0,0.8246225319076802,0.9048428206537941,,
IDRiD_48_2048_2560,0.6008590781381062,0.539614243315436,0.0,0.0,0.8666666666300985,0.868866328183683,,
IDRiD_48_2048_3072,0.0,0.0,0.0,0.0,,,,
IDRiD_48_2048_512,0.7925802236082609,0.7650315346854764,,,0.578805809543905,0.4132104454367734,,
IDRiD_48_512_1024,0.0,0.0,0.1923881221165877,0.11627906976156324,0.0,0.0,0.0,0.0
IDRiD_48_512_1536,0.0,0.0,0.00168067226876633,0.0008481764206235643,0.8797101448956627,0.8477653630692901,0.48348002395980144,0.32066014669730647
IDRiD_48_512_2048,0.0,0.0,0.0,0.0,0.7890310458942962,0.8160451559099098,,
IDRiD_48_512_2560,0.6487885930652313,0.5170927009515424,0.2177630430951359,0.13860506441273646,0.6837060702719373,0.6042759176843777,,
IDRiD_48_512_3072,0.6548305280072073,0.5106995144666301,0.35705950987665586,0.21825962907014843,0.0,0.0,,
IDRiD_48_512_512,,,0.0,0.0,,,,
IDRiD_49_0_1024,0.0,0.0,0.18835192067058837,0.12666666664555556,0.5401610571847995,0.40295748612436977,,
IDRiD_49_0_1536,0.0,0.0,0.0,0.0,0.7065217391230505,0.5649339795994496,0.04061738423715537,0.020729684907070507
IDRiD_49_0_2048,0.0,0.0,0.24089635853377767,0.14144736841440567,0.2586377097474198,0.14852607708066598,,
IDRiD_49_0_2560,0.1907400079107491,0.2635319846766795,0.0,0.0,0.30188679243173394,0.18105616092363316,,
IDRiD_49_0_3072,0.0,0.0,0.0,0.0,0.0,0.0,,
IDRiD_49_0_512,0.0,0.0,,,0.6153846153106509,0.4491228069387504,,
IDRiD_49_1024_1024,0.0,0.0,0.22788033098485802,0.16934720906628692,0.7835487930420331,0.7132146204274018,,
IDRiD_49_1024_1536,0.0,0.0,0.0,0.0,0.818008721821309,0.8092768887955872,,
IDRiD_49_1024_2048,,,0.00865800865613463,0.004347826086011342,0.7116762177586705,0.5756917282257614,,
IDRiD_49_1024_2560,,,,,0.3023336816334959,0.19076923076084532,,
IDRiD_49_1024_3072,,,0.0,0.0,0.7704042714896716,0.6880108990888268,,
IDRiD_49_1024_512,0.38643880925064944,0.25288600287688,,,0.692903892519007,0.5924889543358985,,
IDRiD_49_1536_1024,0.5700921332368175,0.7312727272660793,0.2909520993322914,0.21061643833813215,0.8075506445548258,0.6932806323927989,,
IDRiD_49_1536_1536,,,,,0.8610758734171133,0.8404443998231755,,
IDRiD_49_1536_2048,,,,,0.7242524914537367,0.9999999990825689,,
IDRiD_49_1536_512,0.3844958405669211,0.2734720416089276,0.24186046510502976,0.23090586143597638,0.6554196541405437,0.5768374164596571,,
IDRiD_49_2048_1024,0.7483372666777587,0.823885109591611,0.19623006282280184,0.31868131863129023,0.8925751560665114,0.8415896693731448,,
IDRiD_49_2048_1536,0.4403594771061945,0.38610315183480637,0.27808136003168904,0.1708955223753063,0.8401539493632282,0.7781920460440986,,
IDRiD_49_2048_2048,0.14312039311819533,0.2523010286815213,0.0,0.0,0.0,0.0,,
IDRiD_49_2048_2560,,,0.0,0.0,,,,
IDRiD_49_2048_3072,0.5192519251902343,0.6162523501084577,0.0,0.0,0.0,0.0,,
IDRiD_49_2048_512,0.4577062791825341,0.508259700326229,0.0,0.0,0.8054912227677458,0.7753796445830347,,
IDRiD_49_512_0,,,,,0.0,0.0,,
IDRiD_49_512_1024,0.6467793496871248,0.539338419392208,,,0.6357157401621724,0.5745307324043235,0.8683258971033213,0.972527472522866
IDRiD_49_512_1536,0.3506878655558502,0.22091333679179598,0.3471502590493704,0.21640826871987026,0.8336355612599957,0.8581056526450886,0.9454110326649625,0.9815633851762582
IDRiD_49_512_2048,,,,,0.6898681553587726,0.5733464955520893,,
IDRiD_49_512_3072,0.38361702987755786,0.949369621754065,0.6999999999186047,0.5890410957751387,,,,
IDRiD_49_512_512,0.6531975002084308,0.6043085696086756,0.6451612902978049,0.6017191976646332,0.0,0.0,,
IDRiD_50_0_1024,,,,,0.8044943819966455,0.8136363635835301,,
IDRiD_50_0_1536,,,,,0.3469971401287349,0.2830482115022651,,
IDRiD_50_0_2048,,,,,0.6175413371630658,0.5337392817132629,,
IDRiD_50_0_2560,,,,,,,0.565782891442185,0.4784769962931943
IDRiD_50_0_512,,,,,0.16749926534917722,0.09140474662952519,,
IDRiD_50_1024_1024,0.6946085671954467,0.8744769874070444,,,0.5432473444200874,0.3951434878151056,,
IDRiD_50_1024_1536,0.4300431451930083,0.27515492957436444,0.0,0.0,0.5066453162489459,0.46777054996351614,0.8801760902401968,0.9820414428091782
IDRiD_50_1024_2048,,,,,0.5673233594938925,0.5901386748662515,,
IDRiD_50_1024_2560,0.9158501440790223,0.9002832860934764,,,0.4971497905256355,0.4547282016900296,,
IDRiD_50_1024_3072,0.0,0.0,,,,,,
IDRiD_50_1536_0,,,0.0,0.0,,,,
IDRiD_50_1536_1024,0.0,0.0,,,0.0,0.0,,
IDRiD_50_1536_1536,,,,,0.6104027715570918,0.6119459408344582,,
IDRiD_50_1536_2048,,,,,0.47962529272881443,0.5229826353154758,,
IDRiD_50_1536_2560,0.0,0.0,0.0,0.0,0.6789114122484101,0.762132260488281,,
IDRiD_50_1536_3072,0.21307913366360776,0.12016760218104065,0.3261802574407338,0.19487179482182773,,,0.858904386493973,0.9504884050335508
IDRiD_50_1536_512,0.0,0.0,,,0.0,0.0,,
IDRiD_50_2048_1024,0.03365032918677212,0.01713221601425951,0.0,0.0,0.0,0.0,,
IDRiD_50_2048_1536,,,,,0.0,0.0,,
IDRiD_50_2048_2048,,,,,0.0,0.0,,
IDRiD_50_2048_2560,,,,,0.2940360609855706,0.2371364652713341,,
IDRiD_50_2048_512,,,,,0.026398054879708265,0.013418079095808296,,
IDRiD_50_512_1536,,,0.0,0.0,0.6609273523616949,0.5834666666635548,,
IDRiD_50_512_2048,,,0.0,0.0,0.3898866386422756,0.32967151318977195,,
IDRiD_50_512_2560,0.269001751304063,0.1554026709771185,0.0,0.0,0.09207403891570778,0.1345353675357465,0.6037878074003223,0.4333243170079345
IDRiD_51_0_1024,,,0.7777777777091907,0.7590361444476702,0.8046783625260422,0.7429805614748402,,
IDRiD_51_0_1536,0.0,0.0,0.4796747966504726,0.9218749992797852,,,,
IDRiD_51_0_2048,0.0,0.0,0.4305864884609809,0.3002070393063968,,,0.0,0.0
IDRiD_51_0_3072,,,0.2798165137293788,0.16310160425626985,,,,
IDRiD_51_1024_1024,,,0.33036437244288547,0.254999999968125,0.6881324746693592,0.5389048990966206,,
IDRiD_51_1024_1536,0.6113769271501495,0.4744224422246526,0.0,0.0,0.6603098927261606,0.6527886881318461,0.8374848116519216,0.8085043988032697
IDRiD_51_1024_2048,,,,,0.8832214763915139,0.8184079599954208,,
IDRiD_51_1024_3072,0.5677130787661085,0.40166432254569073,,,,,,
IDRiD_51_1024_3584,0.31000578368640824,0.18655158011713002,,,,,,
IDRiD_51_1024_512,0.0,0.0,0.2993920972416875,0.3245469521705854,0.7392180572250542,0.7075617283768632,0.857726254772567,0.9028008874036134
IDRiD_51_1536_0,,,0.01081081080496713,0.005434782605741966,,,,
IDRiD_51_1536_1024,,,0.4381742738407397,0.32452366316382764,,,,
IDRiD_51_1536_1536,,,0.6535269709204602,0.5660377357981996,0.4630200307988051,0.4762282091540231,0.2460449625261023,0.14138755980522996
IDRiD_51_1536_512,,,0.5191524042168235,0.39887288663751574,,,,
IDRiD_51_2048_1024,0.5747424131491766,0.47758959483037716,0.4511691884249808,0.34477925715874,,,,
IDRiD_51_2048_1536,0.0,0.0,0.625427204353198,0.7154026582708832,0.0,0.0,0.9059112292883904,0.9941192314554044
IDRiD_51_2048_2048,,,,,,,0.6077434493467899,0.7647637795024684
IDRiD_51_2048_2560,,,0.5442176870007868,0.42372881346954894,,,,
IDRiD_51_2048_512,0.0,0.0,0.7675753227569888,0.7133333332382222,0.05263157891966759,0.027027027012417826,0.3462048392414136,0.21663382764475125
IDRiD_51_512_1024,,,0.0,0.0,,,,
IDRiD_51_512_1536,,,,,0.0,0.0,,
IDRiD_51_512_2048,,,0.0,0.0,,,,
IDRiD_52_0_2560,,,0.0,0.0,,,,
IDRiD_52_1024_0,,,,,0.3927492446734392,0.24436090222501744,,
IDRiD_52_1024_2560,0.0,0.0,0.33064516124588106,0.654255318800928,,,,
IDRiD_52_1024_3072,,,0.0,0.0,,,,
IDRiD_52_1536_2048,,,0.0,0.0,0.0,0.0,,
IDRiD_52_1536_2560,,,0.7902735559907983,0.7831325296487154,,,,
IDRiD_52_1536_3072,0.0,0.0,0.0,0.0,,,,
IDRiD_52_2048_2048,0.0,0.0,0.6521327013908942,0.6417910447162508,,,,
IDRiD_52_2048_2560,,,0.679711637452126,0.6853582553805443,,,,
IDRiD_52_2048_3072,,,0.0,0.0,,,0.7557055609068168,0.8547536811333439
IDRiD_52_512_0,0.0,0.0,,,,,,
IDRiD_52_512_2048,,,0.7239915073925695,0.8743589742468771,0.1716566866181808,0.09414340448307917,,
IDRiD_52_512_2560,,,0.8742857140359183,0.80952380909549,,,0.8788964917901716,0.9522240526958762
IDRiD_52_512_512,0.0,0.0,0.0,0.0,,,,
IDRiD_53_0_1024,0.6469563871342171,0.7042122999098213,0.0,0.0,,,,
IDRiD_53_0_1536,,,0.222222222183642,0.12499999997558595,,,,
IDRiD_53_0_2048,,,0.0,0.0,,,,
IDRiD_53_0_2560,,,0.20271493210835156,0.11405295314520845,,,,
IDRiD_53_0_3072,,,0.4528925619086128,0.2927350426724925,,,,
IDRiD_53_0_512,0.2668600435049518,0.16487455196763273,0.03816793892921658,0.025454545452694214,,,,
IDRiD_53_1024_1536,,,,,0.0,0.0,,
IDRiD_53_1024_2048,0.5210232284468973,0.36778746366260745,0.0,0.0,0.506810117883635,0.34352211015758694,,
IDRiD_53_1024_2560,0.6687245766359844,0.5748437654966033,0.38939207303536416,0.31178927825119757,,,,
IDRiD_53_1024_3072,0.7346001440889112,0.5957928566167863,0.5466601178647676,0.43544600937263517,0.6207827259621076,0.46747967470173174,,
IDRiD_53_1536_1536,0.0,0.0,,,,,,
IDRiD_53_1536_2048,0.7189931350059573,0.6497105045402577,0.0,0.0,0.4618712817489523,0.37654320984333833,,
IDRiD_53_1536_2560,0.5596520298144231,0.4048546598620062,0.5035971222840433,0.49157303367334454,0.42415316635874034,0.278529980603766,,
IDRiD_53_1536_3072,0.6215424666382303,0.4611298889351178,0.44897959181382757,0.39041703634512714,0.4967704051381814,0.3495867768306126,0.8976667827426612,0.9999999999889159
IDRiD_53_1536_3584,0.7582657918338059,0.9983062330285127,,,,,,
IDRiD_53_1536_512,,,0.6713286712504279,0.5097345131841178,,,,
IDRiD_53_2048_1024,0.42995169076932954,0.27384615380402366,0.0,0.0,0.0,0.0,,
IDRiD_53_2048_1536,0.0,0.0,0.780766096105887,0.7403400307974746,,,,
IDRiD_53_2048_2048,0.0,0.0,0.09400705051774301,0.04932182490143997,0.0,0.0,,
IDRiD_53_2048_2560,0.0,0.0,0.3140311803659208,0.921568626848648,0.6484312147507295,0.6510500806702666,,
IDRiD_53_2048_3072,0.0,0.0,0.0,0.0,,,,
IDRiD_53_2048_512,,,0.6631578946495845,0.5431034481588138,,,,
IDRiD_53_512_0,,,0.8294117645839101,0.7480106098811643,,,,
IDRiD_53_512_1536,,,0.20457866535778965,0.11400651465179117,,,,
IDRiD_53_512_2560,0.46687802435915854,0.3086710303720771,0.3227728134220749,0.34997064002642564,,,,
IDRiD_53_512_3072,,,,,0.3876923075730177,0.5080645157193029,,
IDRiD_53_512_512,0.0,0.0,0.0,0.0,,,,
IDRiD_54_0_1536,,,0.6140127387752851,0.4839357428747117,,,,
IDRiD_54_0_2048,,,0.0,0.0,,,,
IDRiD_54_0_2560,0.17524115755157446,0.09843467790191347,0.0,0.0,0.7777528593680701,0.7068895230042035,,
IDRiD_54_0_3072,0.0,0.0,0.0,0.0,,,,
IDRiD_54_1024_0,0.0,0.0,0.0,0.0,,,,
IDRiD_54_1024_1024,,,0.0,0.0,,,,
IDRiD_54_1024_1536,,,0.0,0.0,,,,
IDRiD_54_1024_2048,0.22956810630847893,0.1308960030283975,0.04860614724455996,0.024908424906600113,0.7950428979223028,0.9630484986228525,,
IDRiD_54_1024_2560,0.0,0.0,0.27385672745773576,0.2689511941708748,0.4786974219680137,0.7689625108309536,,
IDRiD_54_1024_3072,0.0,0.0,0.31621187800117145,0.2521331057912913,0.16519174036425022,0.09003215431188676,,
IDRiD_54_1024_3584,0.0,0.0,0.0,0.0,,,,
IDRiD_54_1024_512,0.0,0.0,,,,,,
IDRiD_54_1536_0,0.0,0.0,0.029312288609998616,0.01487414187472836,,,,
IDRiD_54_1536_1536,,,0.0,0.0,,,,
IDRiD_54_1536_2048,,,0.42330558853468425,0.2746913579823007,,,,
IDRiD_54_1536_2560,0.0,0.0,0.5687745623233735,0.5693848354385275,0.0,0.0,,
IDRiD_54_1536_512,0.5249470819315105,0.36272461344075535,0.0,0.0,,,,
IDRiD_54_2048_0,,,,,,,0.888589398003401,0.8248540450031338
IDRiD_54_2048_1024,,,,,,,0.672426205891425,0.5587795393192109
IDRiD_54_2048_1536,,,0.0,0.0,,,,
IDRiD_54_2048_2048,0.0,0.0,0.36065573764579417,0.22177419350367455,,,,
IDRiD_54_2048_2560,0.4306909707411893,0.6402016382709388,0.4338768115745527,0.34068278802697843,,,,
IDRiD_54_2048_3072,0.0,0.0,0.06626173384504352,0.03426613363596424,,,,
IDRiD_54_2048_512,,,,,,,0.8208529823246056,0.7370184254537779
IDRiD_54_512_0,0.0,0.0,,,,,,
IDRiD_54_512_1024,,,0.0,0.0,,,,
IDRiD_54_512_1536,,,0.0,0.0,0.45121951210341066,0.3041095889577782,,
IDRiD_54_512_2048,,,0.7422266799656744,0.8131868130080908,,,,
IDRiD_54_512_2560,0.03079710144788057,0.01866081229315802,0.5079662605316784,0.37469754578725556,0.5859607376503474,0.6851379550038225,,
IDRiD_54_512_3072,0.7249850209658146,0.5935898833468484,0.12352168199196138,0.076630434778444,,,,
IDRiD_54_512_512,0.79980750717999,0.6663993584068645,,,,,,
IDRiD_55_0_1024,,,,,0.10606060602043157,0.0559999999776,,
IDRiD_55_0_1536,,,,,0.7767071057138529,0.6806804374157875,,
IDRiD_55_0_2048,,,0.03174603172083648,0.016129032245057233,0.8207384926635793,0.7544169611272344,,
IDRiD_55_1024_1024,,,0.3991507430150423,0.25336927216890315,0.7721511888717694,0.6638862102185926,,
IDRiD_55_1024_1536,0.0,0.0,0.0,0.0,0.7641934636287929,0.6314928015488668,,
IDRiD_55_1024_2048,,,0.3543814432761352,0.36569148931307294,0.8702586124136069,0.8567864208565636,,
IDRiD_55_1024_2560,,,0.6877343331179574,0.599439775854394,0.8462699192930265,0.8663951501512852,,
IDRiD_55_1536_1024,,,0.1639344262071128,0.12320328539564614,0.6877850988284525,0.5675449602597582,,
IDRiD_55_1536_1536,,,0.7127240926666933,0.6332556332064292,0.7408013082556277,0.7562030503015691,,
IDRiD_55_1536_2048,0.3411034933049879,0.2609651313791491,0.3167214773549618,0.49544914916915517,0.6442278300423047,0.7491311216370526,0.0,0.0
IDRiD_55_1536_2560,0.7729986876627739,0.7386588080360578,0.0,0.0,0.844230932742917,0.8175380815133438,0.852525252496548,0.9370836416774919
IDRiD_55_1536_3072,,,,,0.6995645863367326,0.5555555555299422,,
IDRiD_55_1536_512,,,,,0.4288905435272605,0.2729857819646459,,
IDRiD_55_2048_1024,,,,,0.8934108526266074,0.8188277085579347,,
IDRiD_55_2048_1536,,,0.2754716980872196,0.719211822305807,0.2369755647654691,0.13533438651209403,,
IDRiD_55_2048_2048,,,0.0,0.0,0.7805979445594783,0.6723444205918409,,
IDRiD_55_2048_2560,,,,,0.8100998680956846,0.729271271538002,,
IDRiD_55_512_1024,0.0,0.0,0.45641025638685073,0.29607451761170495,0.8243811990452006,0.8583072868760854,,
IDRiD_55_512_1536,0.6881741909639615,0.5709313887873562,0.43253234746464575,0.9473684206690817,0.8808830664720773,0.8973556306110207,,
IDRiD_55_512_2048,0.9101810697124261,0.9139342625485963,0.7685738684228374,0.8050089443998195,0.826347305388122,0.8236074270535183,,
IDRiD_55_512_2560,,,,,0.43283582073401644,0.2761904760589569,,
IDRiD_56_0_1024,,,0.0,0.0,,,,
IDRiD_56_0_1536,,,0.0,0.0,,,,
IDRiD_56_0_2048,0.2971111707334128,0.20835423983682447,0.0,0.0,,,,
IDRiD_56_0_2560,0.5745323978226051,0.403131266387981,,,,,,
IDRiD_56_0_3072,0.14612784265407092,0.0788753421242525,,,,,0.8845737072496108,0.8424702774073544
IDRiD_56_0_512,,,0.5990338161357325,0.4335664332632403,,,,
IDRiD_56_1024_0,0.0,0.0,,,,,,
IDRiD_56_1024_1024,,,0.0,0.0,,,,
IDRiD_56_1024_1536,,,0.005115089512758289,0.0025641025634451017,,,,
IDRiD_56_1024_2048,,,,,0.5865837001017864,0.7293829024206571,,
IDRiD_56_1024_2560,0.0,0.0,0.6741573033166808,0.876826722155151,0.1836105976548858,0.8546845122648787,,
IDRiD_56_1024_3072,0.0,0.0,0.22937062936260944,0.2737896493928389,,,,
IDRiD_56_1536_1024,0.0,0.0,,,,,,
IDRiD_56_1536_1536,,,0.7039274923407964,0.725856697593191,,,,
IDRiD_56_1536_2048,0.023255813953289534,0.013215430958962049,,,0.6850018334915658,0.5911392404689152,,
IDRiD_56_1536_2560,0.2906341873101505,0.1959784763467579,0.32162162157815927,0.3993288589263997,,,0.0,0.0
IDRiD_56_1536_512,0.0,0.0,,,,,,
IDRiD_56_2048_1024,0.6212057802599118,0.4670195439722127,,,0.06375442738702748,0.12587412584478458,,
IDRiD_56_2048_1536,,,0.15085158147181227,0.08157894734695291,,,,
IDRiD_56_2048_2048,0.07312813796034569,0.03795173898223687,0.0,0.0,,,,
IDRiD_56_2048_2560,0.5318870268981701,0.3662473406698444,,,,,0.9025543992346021,0.9419431279434846
IDRiD_56_2048_3072,,,0.4821428570890466,0.3292682926327335,,,,
IDRiD_56_2048_512,0.0,0.0,,,,,,
IDRiD_56_512_1024,0.7236226875344398,0.9396779302938268,0.37357259377050794,0.24864277956040795,,,,
IDRiD_56_512_1536,,,0.0,0.0,0.42772611999765625,0.6782841821237844,,
IDRiD_56_512_2048,,,,,0.6142528735575701,0.8720626631626094,,
IDRiD_56_512_2560,0.4754700900203725,0.3604425779328021,0.005923000986582132,0.002970297029408882,,,,
IDRiD_56_512_3072,0.24504849064168113,0.18068284822055913,0.014765100670149993,0.009666080842735845,0.4590495449717366,0.9848156180076322,0.7508815088120094,0.6258628938512346
IDRiD_57_0_1024,,,,,0.0,0.0,,
IDRiD_57_0_1536,0.3497023809263614,0.21599264703897125,,,0.21913580245222716,0.3405275778559886,,
IDRiD_57_0_2048,,,,,0.13661636218136486,0.07630878437654758,,
IDRiD_57_0_512,,,,,0.6322378716250204,0.7537313431429606,,
IDRiD_57_1024_0,,,,,0.0,0.0,,
IDRiD_57_1024_1024,,,0.0,0.0,0.4499532273099865,0.2960455454639784,,
IDRiD_57_1024_1536,,,0.0,0.0,0.7338909541398096,0.7646868947461367,,
IDRiD_57_1024_2048,,,,,0.7665198237041279,0.9062499997639973,,
IDRiD_57_1024_512,,,,,0.08391608391373662,0.0437956204366775,,
IDRiD_57_1536_0,0.00869909522317511,0.9999999998641305,,,0.10050251253756218,0.05319148934755545,,
IDRiD_57_1536_1024,,,,,0.5804409963191053,0.42168495994628175,,
IDRiD_57_1536_1536,,,,,0.7168722960949068,0.6045945945782543,,
IDRiD_57_1536_2048,,,,,0.10036363635633719,0.05283307809702656,,
IDRiD_57_1536_512,,,0.0,0.0,0.26389819155177835,0.15366614663987263,,
IDRiD_57_2048_1024,,,,,0.4511930585193934,0.3014492753186305,,
IDRiD_57_2048_1536,,,,,0.5543398978443224,0.38696537674267156,,
IDRiD_57_2048_512,,,0.0,0.0,0.0,0.0,,
IDRiD_57_512_0,,,,,0.18699572851509277,0.10368421052085872,,
IDRiD_57_512_1024,,,0.0,0.0,0.3843498273435731,0.24063400572901528,,
IDRiD_57_512_1536,0.0,0.0,,,0.5809659090496473,0.9337899541247054,,
IDRiD_57_512_512,,,0.0,0.0,0.6524338172316415,0.5310472659624168,,
IDRiD_58_0_1536,0.0,0.0,0.0,0.0,,,,
IDRiD_58_0_2048,,,0.5669874166863813,0.9503722082009002,0.649127992899309,0.6534417774121516,,
IDRiD_58_0_2560,,,0.6562296150909178,0.6295369210726487,0.8159311086897765,0.9373454244899138,,
IDRiD_58_0_3072,,,0.0,0.0,,,,
IDRiD_58_0_512,,,0.0,0.0,,,,
IDRiD_58_1024_0,,,,,0.7932434627124697,0.9732961338791034,,
IDRiD_58_1024_1024,,,0.48996458084474825,0.9999999997590361,,,,
IDRiD_58_1024_1536,0.26512503360405687,0.15282083074541783,0.6336375488091738,0.5955882351481401,0.7587841606140716,0.712863505352034,,
IDRiD_58_1024_2048,,,,,0.6682312779958584,0.6764578833547201,,
IDRiD_58_1024_2560,0.0,0.0,0.0,0.0,0.6779420700761803,0.9780829923735219,,
IDRiD_58_1024_3584,,,,,0.6162162160496713,0.44531249982604976,,
IDRiD_58_1536_0,,,,,0.6735227678000623,0.5264380633721174,,
IDRiD_58_1536_1536,0.004672897195988733,0.0023419203745701452,,,,,,
IDRiD_58_1536_2048,0.0,0.0,,,0.0,0.0,,
IDRiD_58_1536_2560,0.16998305191030078,0.092949818081328,0.0,0.0,,,,
IDRiD_58_1536_3072,0.008046178065278185,0.004057868736696227,,,,,,
IDRiD_58_1536_512,,,0.0,0.0,0.6018158235926975,0.4430299172360589,,
IDRiD_58_2048_1024,,,,,0.06491885142760065,0.03354838709244537,,
IDRiD_58_2048_1536,0.0,0.0,,,,,,
IDRiD_58_2048_2048,,,0.22958771218839225,0.3650385603174708,,,,
IDRiD_58_2048_2560,0.8384250939252014,0.7671150971370071,,,,,,
IDRiD_58_2048_3072,0.10376324442694235,0.05472061656962465,,,0.7741681949073335,0.7000710731888161,,
IDRiD_58_512_1024,0.2092425419967164,0.11684583027230522,,,,,,
IDRiD_58_512_1536,0.0,0.0,0.5051055139206871,0.6298811543922104,0.7416710273834649,0.8382336374854217,,
IDRiD_58_512_2048,,,,,0.5733288242555894,0.48609385453038234,,
IDRiD_58_512_2560,0.8524191587597105,0.7573172048735574,0.2008368200716774,0.13570274635414356,0.24062499996240236,0.13676731791531666,,
IDRiD_58_512_3072,,,0.10224822913143677,0.7980769226932323,0.8537815125332956,0.930402930232527,,
IDRiD_58_512_512,0.7273459524709839,0.7524999999874583,,,,,,
IDRiD_59_0_1024,,,0.0,0.0,,,,
IDRiD_59_0_1536,0.6401253918428409,0.4842687746959009,0.21951219509964306,0.12328767121880278,0.5917159759812332,0.7246376801092208,0.9328163148041567,0.9193749292213828
IDRiD_59_0_2048,,,,,,,0.8578317001072138,0.754781537616742
IDRiD_59_1024_1024,0.0,0.0,0.34378629499249763,0.28154724158011746,0.74582233942429,0.7031509119895273,0.0,0.0
IDRiD_59_1024_1536,,,0.0,0.0,0.8539035894814521,0.8481448800334125,,
IDRiD_59_1024_2048,0.24796293337197695,0.14209851675257099,,,0.6372535596911375,0.5443223014820235,,
IDRiD_59_1024_512,0.0,0.0,0.0,0.0,,,,
IDRiD_59_1536_0,,,0.0,0.0,,,,
IDRiD_59_1536_1024,0.0,0.0,,,0.6883523082611241,0.6612980769071803,,
IDRiD_59_1536_1536,,,0.8140350876716939,0.6994974873668847,0.735837046462014,0.8845434449773075,,
IDRiD_59_1536_2048,0.573612758658579,0.41550506014100624,0.0,0.0,0.8251283599996205,0.8359853120919222,,
IDRiD_59_1536_2560,,,,,0.0,0.0,,
IDRiD_59_1536_3072,,,,,0.18247970892296447,0.3092979126841273,,
IDRiD_59_1536_512,0.8472601680477156,0.7381326626813755,0.0,0.0,,,,
IDRiD_59_2048_1024,0.0,0.0,,,,,,
IDRiD_59_2048_1536,,,0.5668534827408443,0.8805970147063191,,,,
IDRiD_59_2048_2048,0.4033379693738986,0.2526132403961138,0.6852189780709298,0.8154180237985431,,,0.0,0.0
IDRiD_59_2048_2560,,,,,0.26711961379819205,0.15424323765942097,0.8396168008067392,0.7395597141277818
IDRiD_59_2048_3072,,,,,0.5900955309038092,0.4345786834799518,,
IDRiD_59_2048_512,,,0.12343470481901299,0.06583969465020613,,,,
IDRiD_59_512_1024,0.2050875977412146,0.134632878490778,0.25219353220726515,0.2411313518580474,0.5067957019817348,0.8622276028846918,0.7076453521895255,0.5482327710637079
IDRiD_59_512_1536,0.6113862828470871,0.4693147253491741,0.0,0.0,0.7786814140078652,0.794710048689715,0.0,0.0
IDRiD_59_512_512,0.04474781949014987,0.022885958106171996,0.0,0.0,,,0.8410517387569066,0.9037550127487695
IDRiD_60_0_1536,,,0.22437137328584414,0.34117647048788924,,,,
IDRiD_60_0_512,,,,,,,0.0,0.0
IDRiD_60_1024_0,,,,,0.6119658119483771,0.48685403442942643,,
IDRiD_60_1024_1024,,,,,0.7210922262267737,0.7445339470227541,,
IDRiD_60_1024_1536,0.0,0.0,0.06382978722272521,0.03296703296099505,0.8133494935468213,0.8193075782609286,,
IDRiD_60_1024_2048,0.0,0.0,0.31192660544735296,0.19953051638508673,0.25599999993173334,0.14678899078079846,0.6553743203543418,0.48740279936275577
IDRiD_60_1024_2560,0.8112530935864879,0.9767696424108882,0.618145563279255,0.5107084019348674,0.10367170625603515,0.054669703868286276,0.0,0.0
IDRiD_60_1024_3072,,,,,0.0,0.0,,
IDRiD_60_1536_1024,,,0.0,0.0,0.031016899152804513,0.40662983420921217,,
IDRiD_60_1536_1536,0.0,0.0,,,0.6217511985790847,0.6652267818394918,,
IDRiD_60_1536_2048,,,0.24749163876839558,0.14919354836704388,0.742358078548591,0.6763925728545899,,
IDRiD_60_1536_2560,0.2266099635411115,0.12897648685584454,0.09536601745497877,0.11128526644023742,0.6986128625423944,0.7030456852692746,,
IDRiD_60_1536_3072,,,0.0,0.0,,,,
IDRiD_60_1536_512,,,,,0.7449139279542321,0.6601941746657152,,
IDRiD_60_2048_0,,,,,0.0,0.0,,
IDRiD_60_2048_1024,0.39266276959498764,0.6283870967336525,,,0.669293277512359,0.5410749834035691,,
IDRiD_60_2048_1536,,,0.0,0.0,,,,
IDRiD_60_2048_2048,,,0.0,0.0,0.6076421248794591,0.6203615604102166,0.0,0.0
IDRiD_60_2048_2560,0.5411692684399251,0.3922351636140198,0.5449810605931587,0.6102863202221481,0.7256985438660823,0.776748104432319,0.8738301277680226,0.8821821766945162
IDRiD_60_2048_512,0.0,0.0,0.88840262562617,0.8252032516970719,0.17721518985098542,0.09722222220871914,,
IDRiD_60_512_0,,,,,0.0,0.0,,
IDRiD_60_512_1024,,,0.3667953667717635,0.3163152052923069,,,,
IDRiD_60_512_1536,,,0.18441558439163436,0.10692771082726993,0.22659870249706676,0.1295707472143728,,
IDRiD_60_512_2048,0.16275167783869532,0.08858447487775484,0.5916203937106703,0.6110531803325283,,,0.944796826319688,0.9993362097529783
IDRiD_60_512_2560,0.0,0.0,,,0.0,0.0,0.94556597718089,0.9175071322340278
IDRiD_60_512_3072,,,,,,,0.800559832043382,0.7430984085621453
IDRiD_61_0_1024,0.760773059920149,0.7512013058462776,,,,,,
IDRiD_61_0_1536,0.534386905600298,0.41718440184878963,0.1701149425157,0.09585492227151511,,,,
IDRiD_61_0_2048,0.7867199912300076,0.6717185891975702,0.10619469025373952,0.06201550386795666,,,,
IDRiD_61_0_2560,,,0.0,0.0,,,,
IDRiD_61_0_512,0.6199374161810015,0.4492096398016027,,,,,,
IDRiD_61_1024_0,0.5975867131570068,0.4886879525738615,0.0,0.0,,,,
IDRiD_61_1024_1024,0.6397734765904609,0.49820781312827583,0.8191214469225941,0.9753846150844969,0.11652944901467609,0.3432835820255068,,
IDRiD_61_1024_1536,0.5575896700111472,0.4233182293445162,0.7227414329467559,0.5667752442073656,0.6862555160871474,0.5542420027768233,,
IDRiD_61_1024_2048,0.0,0.0,0.13950762015594914,0.07928047967493135,0.7789347216608,0.7624460995588339,,
IDRiD_61_1024_2560,0.590684183584403,0.4572349305274592,0.37815810919404413,0.2659025787813236,,,,
IDRiD_61_1024_3072,0.5899658523617031,0.4710570469601067,0.41136671171700046,0.2598290597846446,,,,
IDRiD_61_1536_0,0.0,0.0,,,,,,
IDRiD_61_1536_1024,0.4953072963897168,0.3931747176065087,,,0.0,0.0,,
IDRiD_61_1536_1536,0.0,0.0,0.0,0.0,0.49369608490420064,0.3549618320271983,,
IDRiD_61_1536_2048,0.0,0.0,0.049382716034141134,0.025316455688190992,0.7018524991212732,0.5963411736683731,,
IDRiD_61_1536_2560,0.0,0.0,0.4596065299096021,0.3363970588029168,,,,
IDRiD_61_1536_512,0.5537622869885527,0.44801361300025,0.0,0.0,,,,
IDRiD_61_2048_1024,0.8234146548339383,0.7666484590422131,,,,,,
IDRiD_61_2048_1536,0.7005581466470294,0.8652614879021803,,,,,,
IDRiD_61_2048_2048,0.711954739830266,0.6541844007991203,,,,,,
IDRiD_61_2048_2560,0.6479198767309402,0.8468432181970914,0.02775510203968347,0.01407284768153672,,,,
IDRiD_61_2048_512,0.42904870757784996,0.2981184328410901,,,,,,
IDRiD_61_512_0,0.4033351328630356,0.2895779500405721,,,,,,
IDRiD_61_512_1024,0.6481892201654512,0.5356738670458701,,,0.0,0.0,,
IDRiD_61_512_1536,0.6621690129834178,0.5460158209496043,0.0,0.0,0.6813278008016047,0.5843416369690859,,
IDRiD_61_512_2048,0.6460038473938728,0.5338375560328327,0.012693935118991964,0.006578947367940135,0.5301299724092111,0.37347391784830886,,
IDRiD_61_512_2560,0.5441013065629486,0.40826565082957195,0.0,0.0,,,,
IDRiD_61_512_3072,0.0,0.0,,,,,,
IDRiD_61_512_512,0.8421368383713502,0.9712542458109745,,,,,,
IDRiD_62_0_1024,0.8027195206176224,0.9365420811794423,0.0,0.0,0.0,0.0,,
IDRiD_62_0_1536,,,,,0.0,0.0,,
IDRiD_62_0_512,0.0,0.0,,,0.5812310796881316,0.54033771101873,,
IDRiD_62_1024_0,,,0.5934718099129164,0.5128205125575279,,,,
IDRiD_62_1024_2048,,,0.16923076916568047,0.0924369747510769,,,,
IDRiD_62_1024_2560,,,,,0.8086253367092654,0.9615384609220907,,
IDRiD_62_1024_3072,0.0,0.0,0.24442289037396478,0.14893617019516123,,,,
IDRiD_62_1536_0,,,0.0,0.0,,,,
IDRiD_62_1536_1024,,,0.0,0.0,,,,
IDRiD_62_1536_2560,,,,,0.8362148048773113,0.8400680561344099,,
IDRiD_62_1536_3072,,,0.0,0.0,,,,
IDRiD_62_2048_2048,,,,,0.7061736035787378,0.588447653414429,,
IDRiD_62_2048_2560,,,,,0.797595190378881,0.791974904013522,,
IDRiD_62_2048_512,,,,,0.0,0.0,,
IDRiD_62_512_1536,,,0.0,0.0,0.0,0.0,,
IDRiD_62_512_512,,,,,0.0,0.0,,
IDRiD_63_0_1024,,,,,0.2908814589621447,0.17092337917179992,,
IDRiD_63_0_1536,,,,,0.3242512947461326,0.19365250133960052,,
IDRiD_63_0_2560,0.12585616438296302,0.7470355730803481,0.49289099524606367,0.9964071855094123,,,,
IDRiD_63_0_3072,,,0.0,0.0,,,,
IDRiD_63_1024_1024,,,,,0.7951875710421069,0.7078765390334311,,
IDRiD_63_1024_1536,,,,,0.7580877688670891,0.7201709214339851,,
IDRiD_63_1024_3072,0.743784732367011,0.7044321329444756,,,,,,
IDRiD_63_1024_3584,0.0,0.0,,,,,,
IDRiD_63_1024_512,0.5020862308692339,0.36347160691978514,,,,,,
IDRiD_63_1536_1536,,,0.2613293051162138,0.15030408339267556,0.6790792146012499,0.9842983316011484,,
IDRiD_63_1536_2048,,,,,0.0,0.0,,
IDRiD_63_1536_2560,,,,,0.0,0.0,,
IDRiD_63_1536_3072,,,,,0.4845908607692317,0.3264916467624587,,
IDRiD_63_1536_512,0.197973861262099,0.9999999999218749,,,,,,
IDRiD_63_2048_1536,,,,,0.0,0.0,,
IDRiD_63_2048_2048,,,,,0.2631264916389282,0.15323141069655208,,
IDRiD_63_512_1024,,,,,0.7437092264658668,0.6435187318527095,,
IDRiD_63_512_1536,,,,,0.8030680323238077,0.8506482195713772,,
IDRiD_64_0_1024,,,0.4288901282646712,0.31323828919294344,0.8097560973634741,0.7248908293777769,0.39670883155678144,0.24743405275660701
IDRiD_64_0_1536,0.7294010123708893,0.7395922440779897,0.48438818561313174,0.4395099539908867,0.6952345769968513,0.8364444443700938,,
IDRiD_64_0_2048,0.4555984555867285,0.33535430085883466,,,0.8143897277686798,0.8389742831744089,,
IDRiD_64_0_2560,,,,,0.018168054502788186,0.009167303284250014,,
IDRiD_64_0_3072,,,,,0.208191126244336,0.11730769228513314,,
IDRiD_64_0_512,,,0.15362731150019526,0.0832049306497373,0.0,0.0,,
IDRiD_64_1024_1536,,,0.7383177568368416,0.8633879776702799,0.0,0.0,,
IDRiD_64_1024_2048,,,0.5472713297042835,0.6245614033991997,0.1391496410745914,0.1415730336919581,,
IDRiD_64_1024_2560,,,0.0,0.0,0.7250159134263207,0.5990953082200811,,
IDRiD_64_1024_3072,,,0.05952380948837869,0.03067484660694795,0.6689470553142631,0.62979557545142,,
IDRiD_64_1536_0,,,0.8634064080459017,0.9434889433730358,,,,
IDRiD_64_1536_2048,0.0030373625077363725,0.07868601985647929,0.0019920318723115507,0.0009970089729813552,0.44548651811893475,0.2896341462973119,,
IDRiD_64_1536_2560,0.0,0.0,,,0.44966597557130467,0.31812255540032197,,
IDRiD_64_1536_3072,,,0.0,0.0,0.7890365447849637,0.6533700136652861,,
IDRiD_64_2048_1536,,,0.33935742970183946,0.999999999704142,0.7877503851928399,0.723125883991403,,
IDRiD_64_2048_2560,0.41380670611031745,0.4985741444748438,0.005797101448715256,0.003205128204785777,0.0,0.0,0.5539500844410117,0.3932591753787167
IDRiD_64_2048_3072,0.0,0.0,0.2688172042721702,0.17076502729907583,0.8241758240852555,0.7239382237984676,,
IDRiD_64_512_1024,,,0.0,0.0,,,,
IDRiD_64_512_1536,,,,,0.7593017669313014,0.7694471491856599,,
IDRiD_64_512_2048,,,0.0,0.0,0.6121287128687618,0.6548680377733703,,
IDRiD_64_512_2560,,,0.40027991601118684,0.4554140127025944,0.7635015586758488,0.7143307583049925,,
IDRiD_64_512_3072,,,0.0,0.0,0.2529224229274259,0.14476885643007678,,
IDRiD_65_0_1024,,,0.5990783407377519,0.44520547914711955,0.0,0.0,,
IDRiD_65_0_1536,,,0.8847087378103938,0.9078455789653991,,,,
IDRiD_65_0_2048,0.09927200528793699,0.05222841225263033,0.0,0.0,0.5610435663556099,0.8355337608134465,,
IDRiD_65_0_2560,0.8210116731340033,0.8928067700567557,0.5784860557307979,0.4671814671213409,0.6735649174507622,0.8122400474859037,,
IDRiD_65_0_3072,0.14241134751369047,0.08232207280805766,0.06714285713806122,0.058168316824484124,0.0,0.0,,
IDRiD_65_0_3584,0.2705882352713791,0.15722656248464584,0.0,0.0,,,,
IDRiD_65_0_512,,,0.3874345548723993,0.24025974018173382,0.0,0.0,,
IDRiD_65_1024_1024,,,0.0,0.0,0.3699341877253227,0.23298429318355218,,
IDRiD_65_1024_1536,0.5770384510420365,0.6930887651263319,0.17415152553396807,0.09650455926685014,0.30799840826470365,0.8199152540635772,,
IDRiD_65_1024_2048,0.7176220806704431,0.7216779703410782,0.08630393995438049,0.04632426988455949,0.8439162191717509,0.818725001230464,,
IDRiD_65_1024_2560,0.60155924536927,0.4815626488758307,0.5990076679928278,0.5320512820086497,0.5218210360903667,0.7157622738401582,,
IDRiD_65_1024_3072,0.710683649578615,0.6841841841499408,0.392127176351845,0.27205882350083416,0.49725870202094535,0.8932661474625165,,
IDRiD_65_1024_3584,0.532884483507681,0.9527418635543303,0.20481927704674116,0.11888111883955205,,,,
IDRiD_65_1536_1024,,,0.5085714284987756,0.37552742608111234,0.6674523248267896,0.6106645755614455,,
IDRiD_65_1536_1536,,,0.38978723400937976,0.24544480168859115,0.83806146570453,0.843378271179882,,
IDRiD_65_1536_2048,0.5009451795367726,0.3423772609376774,0.0,0.0,0.6068202764865103,0.47586007515247586,,
IDRiD_65_1536_2560,,,0.0,0.0,0.0,0.0,,
IDRiD_65_1536_3072,0.8042515500086692,0.9098196391873928,0.059574468059755546,0.0386740331278044,0.6150140505574061,0.998696218904994,,
IDRiD_65_1536_3584,0.08025164334362926,0.9999999998994975,0.0,0.0,,,,
IDRiD_65_1536_512,,,,,0.5889289223521478,0.42206572767971523,,
IDRiD_65_2048_1536,,,0.36177474390383113,0.22649572639893345,,,,
IDRiD_65_2048_2048,,,,,0.3599137930646645,0.9999999994011977,,
IDRiD_65_2048_2560,0.8499467896316666,0.8181197359249234,,,,,,
IDRiD_65_2048_3072,,,0.7557715673443778,0.641237113269848,0.8813559321100259,0.9952153107666949,,
IDRiD_65_512_1024,,,0.0,0.0,,,,
IDRiD_65_512_1536,,,,,0.7260338592131347,0.8563303659636953,,
IDRiD_65_512_2048,0.0,0.0,,,0.7322679778688859,0.6831422018270281,,
IDRiD_65_512_2560,0.23437499996337893,0.13274336280836402,0.08526551981730496,0.049522154645980795,0.7243693916432956,0.7796197718512605,,
IDRiD_65_512_3072,,,0.6650906224850204,0.5355329948558969,0.2982273201189108,0.7244174264716903,,
IDRiD_65_512_3584,0.5965616045674338,0.4310559006032689,0.0,0.0,,,,
IDRiD_66_0_1024,,,0.0,0.0,0.5890410958785447,0.4251235824243931,,
IDRiD_66_0_1536,,,0.4954604409214708,0.333916083857707,0.7136128661606707,0.6093780655167867,,
IDRiD_66_0_2048,,,0.20102214647342043,0.113026819901719,0.0007877116974876837,0.0003940110322933802,,
IDRiD_66_0_2560,,,,,0.0,0.0,,
IDRiD_66_0_512,,,0.8199999998633334,0.8512110723698231,,,,
IDRiD_66_1024_0,,,,,0.3618613732391194,0.22528363046088803,,
IDRiD_66_1024_1024,,,0.0,0.0,0.9058521031330449,0.9288372917399296,,
IDRiD_66_1024_1536,0.0,0.0,0.3185637891398563,0.2165109034155498,0.8014214298604642,0.7429092533285829,,
IDRiD_66_1024_2048,,,0.3689320387454048,0.23384615377420118,0.8648104662860131,0.8844889602115162,,
IDRiD_66_1024_2560,,,,,0.7577536886460962,0.6636923076893904,,
IDRiD_66_1024_512,0.0,0.0,0.0,0.0,0.7118164358565469,0.57159090908163,,
IDRiD_66_1536_1024,0.1861275705755968,0.11644134321341294,0.23964308475973095,0.15517952950246888,0.8568043398669706,0.7991879105449949,,
IDRiD_66_1536_1536,,,0.4293193716153614,0.36444444428246914,0.8916519886657205,0.9720474502683141,,
IDRiD_66_1536_2048,,,,,0.8570832147254416,0.7869389461932204,,
IDRiD_66_1536_2560,,,0.7363636362520661,0.6603260867770853,0.53360190440334,0.8226990400438905,,
IDRiD_66_1536_512,,,,,0.8256993154719309,0.723231799841877,,
IDRiD_66_2048_1024,,,,,0.8490708751550085,0.7891846700473328,,
IDRiD_66_2048_1536,,,,,0.8140691103331561,0.8220656105723957,,
IDRiD_66_2048_512,,,,,0.756679729221351,0.6847195357392185,,
IDRiD_66_512_0,,,,,0.0,0.0,,
IDRiD_66_512_1024,0.0,0.0,0.0,0.0,0.7760625832068656,0.7084714437800911,,
IDRiD_66_512_1536,,,0.0,0.0,0.8723605745785956,0.8934031111956084,,
IDRiD_66_512_2048,,,0.4025157232198094,0.25196850389732783,0.682453103394974,0.528630943344417,,
IDRiD_66_512_2560,,,,,0.4712462354729493,0.3087185268637971,,
IDRiD_66_512_512,,,,,0.782678612446688,0.7263617951100483,,
IDRiD_67_0_1024,0.8342936032104553,0.9342467802853367,0.0,0.0,0.0,0.0,,
IDRiD_67_0_1536,0.286453077697487,0.35296860428422494,0.21998817266587886,0.36328124992904665,0.20260270476645567,0.2639627659398961,0.7533878723513602,0.8615912012508099
IDRiD_67_0_2048,0.6982879221892307,0.7803171294544021,0.06322795340046124,0.0457831325190884,,,,
IDRiD_67_0_512,,,0.0,0.0,,,,
IDRiD_67_1024_1024,0.6222183962440399,0.6858335705409826,0.15136226033926936,0.4092769440096485,,,,
IDRiD_67_1024_1536,0.11034086713929882,0.12986386018992116,,,0.5787342850931444,0.45956006766634316,,
IDRiD_67_1024_2048,0.0,0.0,0.49999999995,0.33467202137420726,,,,
IDRiD_67_1024_2560,,,0.2559241705756834,0.23011363629826315,0.0,0.0,,
IDRiD_67_1024_512,0.3080622445113254,0.19835441917987104,0.4886649873809237,0.47502448575171163,,,,
IDRiD_67_1536_1024,0.517481301091342,0.37705956906999927,,,0.5538334933403671,0.7398314400608343,,
IDRiD_67_1536_1536,0.0,0.0,0.372390572378034,0.534816247530482,0.5773502805437367,0.9592116277227059,,
IDRiD_67_1536_2048,0.0,0.0,0.7774140752227975,0.8217993078162977,0.8632338471346923,0.8958475152555583,,
IDRiD_67_1536_2560,0.5341547099147368,0.5679933664914097,,,0.0,0.0,,
IDRiD_67_1536_512,0.0,0.0,0.5648642376290355,0.7892347600006981,,,,
IDRiD_67_2048_1024,0.6344122240235343,0.5111769059930363,0.5668085106262382,0.5125048095224123,0.5739130433534971,0.4217252394818769,,
IDRiD_67_2048_1536,0.6617782619598518,0.5365903377010491,,,0.5046329294009527,0.41943127957115744,,
IDRiD_67_2048_2048,0.0,0.0,0.24110032360508896,0.43188405784583067,,,,
IDRiD_67_2048_2560,0.16494625944274824,0.7444764648660445,,,,,,
IDRiD_67_2048_512,0.4797463175073675,0.40250600754544275,,,,,,
IDRiD_67_512_1024,0.8502082955955436,0.9130164163937367,0.6413301662200055,0.7377049178984144,0.8197456992655388,0.7590027699779774,,
IDRiD_67_512_1536,0.450316918571913,0.3068846358279255,0.21959059380443935,0.9205673757559479,0.8109028959436282,0.9444444440696649,,
IDRiD_67_512_2048,0.4245312209887708,0.28061850609277084,0.28948704924888335,0.5258302582055664,,,,
IDRiD_67_512_2560,,,0.0,0.0,,,,
IDRiD_67_512_512,0.32449095481331836,0.7557150953947532,0.5714285713265307,0.8080808076726865,0.7913148370577425,0.6776859502732053,,
IDRiD_68_0_1536,,,0.0,0.0,,,,
IDRiD_68_0_2560,0.7014688571538897,0.7903356014209394,,,,,,
IDRiD_68_1024_0,0.7843756540261569,0.6883619969933406,,,,,,
IDRiD_68_1024_1536,0.0,0.0,0.10887772193392983,0.10797342190897452,,,,
IDRiD_68_1024_2048,0.0,0.0,0.0,0.0,0.0,0.0,,
IDRiD_68_1024_2560,0.0,0.0,,,0.47241067389786956,0.996660305295961,,
IDRiD_68_1024_3072,0.3003208556128319,0.1800615595059844,0.0,0.0,,,,
IDRiD_68_1024_512,0.0,0.0,,,,,,
IDRiD_68_1536_0,0.2479148375754614,0.1544087491445358,,,,,,
IDRiD_68_1536_1536,0.5861084681240456,0.6859688195948653,,,,,,
IDRiD_68_1536_2048,0.5855522532886954,0.5052069705347992,,,,,,
IDRiD_68_1536_2560,0.4653241146095978,0.5200197948521684,,,0.3965462104126464,0.2605042016697267,,
IDRiD_68_1536_3072,0.12172068790617165,0.9999999999810606,,,,,,
IDRiD_68_1536_512,0.4933855952946966,0.3521330802260359,,,,,,
IDRiD_68_2048_0,0.0,0.0,,,,,,
IDRiD_68_2048_1536,,,0.6680584549753531,0.6779661014076415,0.26100628926713737,0.1539888682460132,,
IDRiD_68_2048_2048,0.6735857570647052,0.6245483245193238,0.024539877295595116,0.01345291479518993,0.0,0.0,,
IDRiD_68_2048_2560,,,,,0.012260536398154265,0.05673758863906912,0.8127534273006064,0.8945383062326291
IDRiD_68_2048_512,0.8348908639379903,0.8657834101353151,,,,,,
IDRiD_68_512_1536,,,0.16126601355227835,0.08777686627663848,,,,
IDRiD_68_512_2048,0.5085979437698636,0.38190886110280853,0.15219260532449733,0.09209157127512531,0.7430774363319009,0.8063555913048563,0.6968609865439602,0.9039087947777581
IDRiD_68_512_2560,0.698872257532504,0.835146525523521,0.22045680236142437,0.14741035854616064,0.40851063825441375,0.25806451609434616,,
IDRiD_68_512_3072,0.0,0.0,0.46002460021771063,0.706994328788848,,,,
IDRiD_69_0_1024,0.4233974094535011,0.3159709395381686,,,,,,
IDRiD_69_0_1536,0.8431711086810848,0.9404453563844387,,,,,,
IDRiD_69_0_2048,0.73552246832005,0.7038919266599942,0.10862619804836222,0.05743243241302958,0.838986220186879,0.982482145256822,,
IDRiD_69_0_2560,0.042918454931017334,0.021929824558998924,0.3312883435379578,0.26522593317630394,0.23287671228889098,0.20178041537039154,,
IDRiD_69_0_3072,0.32133801443182497,0.9665591082145334,,,,,,
IDRiD_69_0_512,0.26349892007501086,0.151741293524789,0.0,0.0,,,,
IDRiD_69_1024_1024,,,0.38469945350986895,0.4916201115945195,0.0,0.0,,
IDRiD_69_1024_1536,0.2016661878751157,0.11485602094115557,0.1406603346870045,0.2990384615097078,0.3318603623493952,0.5780480295477517,,
IDRiD_69_1024_2048,0.4922933208723459,0.4613701028570504,0.0,0.0,0.5695202257734265,0.6877982276677141,,
IDRiD_69_1024_2560,0.23302220791635542,0.13739878542423203,0.1524663677113766,0.5328358208557585,0.5150835203062807,0.6686084141962065,,
IDRiD_69_1024_3072,0.0,0.0,,,0.10207336521498032,0.15841584150573473,,
IDRiD_69_1536_0,0.43999999998580647,0.6008810572157813,0.0,0.0,,,,
IDRiD_69_1536_1536,,,0.23200992554391997,0.3482309124118751,0.24713958809664696,0.4128891315995145,,
IDRiD_69_1536_2048,0.5461812682264978,0.3824797639732016,0.0,0.0,0.572026800662032,0.7499999999725476,,
IDRiD_69_1536_2560,0.4468935448656062,0.5410557184592066,,,,,,
IDRiD_69_1536_3072,,,0.0,0.0,,,,
IDRiD_69_2048_1024,0.6735690121002802,0.747970349449105,,,,,,
IDRiD_69_2048_1536,0.6264682195184277,0.647160515168452,,,0.0,0.0,,
IDRiD_69_2048_2048,0.5762053613706921,0.9114018878244449,0.4816598740095717,0.6256015398820403,0.03527336860359141,0.02181025081550597,,
IDRiD_69_2048_2560,,,0.016238159674138147,0.012903225805064169,,,,
IDRiD_69_2048_3072,,,0.0,0.0,,,,
IDRiD_69_512_1024,0.5804455445364961,0.7271317828893696,0.6641221373764156,0.9619164617982904,0.0,0.0,,
IDRiD_69_512_1536,0.6649090429651343,0.6042165788067989,0.36491935480192345,0.548484848318641,0.4024509803822929,0.43763326223679994,,
IDRiD_69_512_2048,0.6882453151600634,0.7459713518310991,0.0,0.0,0.5684357541502488,0.6806020065751502,,
IDRiD_69_512_2560,0.48089202325130614,0.3420321290561782,0.19436008676508518,0.7593220338125061,0.0,0.0,,
IDRiD_69_512_3072,0.5804295942674588,0.7647798741978034,,,0.0,0.0,,
IDRiD_69_512_512,,,0.0,0.0,,,,
IDRiD_70_0_1536,0.8179532544853528,0.850833010444579,,,0.005233990147702679,0.00262386170701306,,
IDRiD_70_1024_1024,0.0,0.0,0.0,0.0,0.35250463820802397,0.9947643977321529,0.0,0.0
IDRiD_70_1024_1536,0.8342595498764523,0.8156317689515963,0.7105624142336278,0.965217391184445,0.0,0.0,,
IDRiD_70_1024_2048,0.677313784517904,0.5277437780390097,0.0,0.0,0.002248454187619536,0.0012886597937314006,,
IDRiD_70_1024_512,0.43820224718377065,0.8026634382080712,0.0,0.0,,,0.9197937326433431,0.9287087471914519
IDRiD_70_1536_0,,,0.0,0.0,,,,
IDRiD_70_1536_1024,0.0,0.0,,,0.15349887129717857,0.9999999970588235,,
IDRiD_70_1536_1536,0.7758481886111718,0.719854876568828,0.0,0.0,,,,
IDRiD_70_1536_2048,0.7758976475123444,0.635564570612876,0.0,0.0,0.7816956589866771,0.7933540509438095,,
IDRiD_70_1536_512,,,0.0,0.0,,,,
IDRiD_70_2048_512,,,0.6626650659468589,0.6634615383020525,,,,
IDRiD_70_512_0,0.7792887029084914,0.720154664054125,,,,,,
IDRiD_70_512_1024,,,0.0,0.0,,,,
IDRiD_70_512_1536,0.7706170421117992,0.6671754430537846,0.27083333332503573,0.16026105873240534,0.368103935225305,0.24011299434733344,,
IDRiD_70_512_2048,,,,,0.028848320936920257,0.014635261833646575,,
IDRiD_70_512_512,0.537920112611843,0.6116446578509075,0.0,0.0,,,0.0,0.0
IDRiD_71_0_1024,0.0,0.0,0.0,0.0,0.284671532794768,0.16595744677320054,,
IDRiD_71_0_1536,,,0.0,0.0,,,,
IDRiD_71_0_2048,,,0.1406249999633789,0.08970099664793986,0.033898305027291006,0.01724137928061831,,
IDRiD_71_0_2560,0.6806677796304486,0.6081379392601387,,,,,,
IDRiD_71_0_512,,,0.03220035777599278,0.016393442619964765,0.24441833136049246,0.1398789508984614,,
IDRiD_71_1024_0,0.5692175407937043,0.9969879515069313,0.2749999999618056,0.16071428568819573,0.5328947367836738,0.3851030110324718,,
IDRiD_71_1024_1024,0.0,0.0,0.0,0.0,0.8238022698878452,0.8423563750642913,0.0,0.0
IDRiD_71_1024_1536,,,0.02941176469970341,0.014925373131145975,0.8029944838420322,0.7401339681967546,,
IDRiD_71_1024_2048,,,0.0,0.0,0.0,0.0,,
IDRiD_71_1024_512,,,0.25753424655182333,0.17343173429601086,0.7564001237044898,0.6827119905670695,0.47074305587972576,0.30782469727513784
IDRiD_71_1536_0,0.0,0.0,,,0.0,0.0,,
IDRiD_71_1536_1024,0.42239185750380226,0.28781373843883906,0.23245283017990745,0.2623509369452853,0.8170599989193599,0.966895670233317,,
IDRiD_71_1536_1536,,,0.27288548554567055,0.16695059624501915,0.7082848422285231,0.9315005198051779,,
IDRiD_71_1536_2048,,,0.28990825686743543,0.1695278969866133,0.8130645277779242,0.8034847186403387,,
IDRiD_71_1536_2560,,,,,0.6986027942717359,0.5368098157862546,,
IDRiD_71_1536_3072,,,0.327160493726185,0.19629629622359396,,,,
IDRiD_71_1536_512,0.0,0.0,0.6123711339574875,0.8181818179564236,0.8477305690631689,0.9461067866387057,,
IDRiD_71_2048_0,,,,,0.0,0.0,,
IDRiD_71_2048_1024,0.0,0.0,0.12978889756608375,0.06939799330523427,0.6921340629251295,0.5955856386074421,,
IDRiD_71_2048_1536,,,,,0.6918035993706386,0.6453467153225789,,
IDRiD_71_2048_2048,,,0.5593129360945082,0.40991345394099815,0.6884907379247586,0.6136855781657244,,
IDRiD_71_2048_3072,0.642753832793712,0.6104395604227901,,,,,,
IDRiD_71_2048_512,0.28975914689667664,0.3757749165295291,0.0,0.0,0.7268218237175349,0.7137504683134601,,
IDRiD_71_512_0,,,,,0.0,0.0,,
IDRiD_71_512_1024,0.11003497444027395,0.058220640568566254,0.5558121631810696,0.6760299624835178,0.7862180132944478,0.7173453442346047,,
IDRiD_71_512_1536,0.0,0.0,0.0,0.0,0.7199825432288474,0.7660784768891794,,
IDRiD_71_512_2048,0.0,0.0,0.2619261926074741,0.1544585987179162,0.4256198346814311,0.28400735291507284,,
IDRiD_71_512_512,0.0022650056624775117,0.0020190366310349284,0.07249750581734295,0.04158718046388451,0.7467646030015148,0.7040395712991915,0.0,0.0
IDRiD_72_0_1024,,,0.24649859942826804,0.14140332082799126,,,,
IDRiD_72_0_1536,,,0.20222929934695624,0.11349419123203805,0.0,0.0,,
IDRiD_72_0_2048,0.0,0.0,0.0,0.0,0.44012282495188726,0.29113067025787875,,
IDRiD_72_0_2560,,,0.05714285711564626,0.029411764691464823,0.0,0.0,0.0,0.0
IDRiD_72_0_3072,,,0.0,0.0,0.0,0.0,,
IDRiD_72_0_512,,,0.0,0.0,,,,
IDRiD_72_1024_0,,,,,0.0,0.0,,
IDRiD_72_1024_2048,0.0,0.0,,,0.736892821160979,0.7736595235834299,,
IDRiD_72_1024_2560,0.7219567050784094,0.6156796931043952,,,0.9107075293198679,0.8766009104650889,,
IDRiD_72_1024_3072,0.0,0.0,0.11196911194749631,0.05930470346435486,0.7336842105166621,0.5905528489601662,,
IDRiD_72_1024_512,,,,,0.0,0.0,,
IDRiD_72_1536_1024,,,0.0,0.0,0.7743658210833056,0.6505483549189793,,
IDRiD_72_1536_1536,,,0.6040404039793899,0.8328690805479473,0.8662991040363095,0.9373601789010171,,
IDRiD_72_1536_2048,,,0.0,0.0,0.8962797874138628,0.839389884929947,,
IDRiD_72_1536_2560,,,,,0.8548646151647291,0.8065441866680795,,
IDRiD_72_1536_3072,0.0,0.0,0.9141583053607405,0.9339407742747287,0.8789933796166369,0.9409735200225957,,
IDRiD_72_2048_1024,,,,,0.0,0.0,,
IDRiD_72_2048_1536,0.0,0.0,,,0.7305770104166026,0.6286161062839236,,
IDRiD_72_2048_2048,0.0,0.0,0.0,0.0,,,,
IDRiD_72_2048_2560,,,0.0,0.0,0.0,0.0,,
IDRiD_72_2048_3072,,,0.2568306010695054,0.1554575523533123,0.0,0.0,,
IDRiD_72_512_0,,,,,0.7700041893482753,0.667877906960565,,
IDRiD_72_512_1536,,,,,0.32303559434778256,0.2120811287384444,,
IDRiD_72_512_2048,0.00351493848826758,0.001958863858769945,0.4412932501167729,0.49491094141286124,0.7482425307533636,0.7309909246950516,,
IDRiD_72_512_2560,,,0.6116248348341067,0.5043572984200047,0.0,0.0,,
IDRiD_72_512_3072,,,,,0.5657216494480849,0.42871093745813366,,
IDRiD_72_512_512,,,0.0,0.0,0.7534125935628201,0.6708488531528946,,
IDRiD_73_0_1024,,,0.0,0.0,,,,
IDRiD_73_0_1536,,,0.0,0.0,0.20118343183361928,0.11184210518957757,,
IDRiD_73_1024_1024,,,0.01323251417644305,0.006743737956961104,,,,
IDRiD_73_1024_1536,,,0.545382793980056,0.5025454545089058,0.677709553039016,0.8841281668821115,,
IDRiD_73_1024_2048,,,0.5583941604820449,0.45535714272161987,0.8778210116048388,0.816208393514297,,
IDRiD_73_1024_2560,,,0.0,0.0,,,,
IDRiD_73_1536_1024,0.8189449259481406,0.6996268656634838,0.8122020971580359,0.9063829785305567,0.7823479005663091,0.759567387623996,0.89031032931665,0.966055742322058
IDRiD_73_1536_1536,0.6825245797436561,0.5495403472650898,0.5922637919725895,0.5098253274552592,0.6881188118568559,0.9548577035373055,,
IDRiD_73_1536_2048,,,0.0,0.0,0.007604562737229518,0.003816793892921658,,
IDRiD_73_1536_2560,,,0.0,0.0,,,,
IDRiD_73_1536_3072,0.0,0.0,,,,,,
IDRiD_73_1536_512,0.0,0.0,,,,,,
IDRiD_73_2048_1024,,,,,,,0.38185140071918844,0.23598042904644412
IDRiD_73_2048_1536,,,0.0,0.0,,,,
IDRiD_73_2048_2048,0.0,0.0,0.0,0.0,,,,
IDRiD_73_2048_2560,0.7026880994096625,0.5756972111426362,0.0,0.0,,,0.8385389094685147,0.8493297586979566
IDRiD_73_2048_3072,0.823093899047319,0.818374858425561,0.5181347149364189,0.6198347104876716,,,,
IDRiD_73_512_1024,,,0.5999999999826087,0.5245818550164936,,,,
IDRiD_73_512_1536,0.0,0.0,0.15197568388397847,0.13128282069532762,0.5370257658699835,0.8794019933262658,,
IDRiD_73_512_2048,0.0,0.0,0.619883040875255,0.6138996137811005,0.0,0.0,,
IDRiD_73_512_2560,0.0,0.0,,,,,,
IDRiD_74_0_2048,0.0,0.0,0.3913480885115016,0.2829090908885157,0.2526315789296399,0.14717906785386925,,
IDRiD_74_0_2560,,,0.6546840958249083,0.6070707070093868,0.7684210524293629,0.6952380949070295,,
IDRiD_74_0_3072,,,0.0,0.0,,,,
IDRiD_74_0_512,,,0.0,0.0,,,,
IDRiD_74_1024_1024,,,0.7892561982655727,0.8603603601665855,,,,
IDRiD_74_1024_1536,,,0.5609756095280587,0.4082840234270509,,,0.4724029886681738,0.31825070361205615
IDRiD_74_1024_2048,0.0383148888678665,0.4309623430060748,0.4441360166242792,0.3990024937158351,0.5999999999090909,0.4714285713163265,0.0,0.0
IDRiD_74_1024_2560,0.584040278635878,0.450809199313769,0.41805813233738315,0.4481272787388755,0.7182428309857444,0.6109611791444683,,
IDRiD_74_1024_3072,0.4362035616591996,0.44874433922809465,0.02663934426093036,0.04444444443684711,0.7924592391169759,0.8235086480471758,,
IDRiD_74_1536_0,,,0.005347593581457862,0.0026809651467343256,,,,
IDRiD_74_1536_1024,,,0.6513761466395926,0.9999999992957747,,,,
IDRiD_74_1536_2048,,,0.0,0.0,0.8216692586761563,0.7682985942677606,,
IDRiD_74_1536_2560,0.15993485341889302,0.08924027626236604,0.17028380633679951,0.20795107031519358,0.0,0.0,,
IDRiD_74_1536_3072,0.2767624020864418,0.16387392778611734,0.20772303593823413,0.7058823526217727,0.5776636712994013,0.47974413635826346,,
IDRiD_74_2048_1536,0.27594748575333233,0.984098939842394,0.8088642657039157,0.9012345673449169,,,,
IDRiD_74_2048_2048,0.2674890693295792,0.16787534300109883,0.486082824160114,0.6732487070675482,,,,
IDRiD_74_2048_2560,0.6316334297438525,0.4995424993956198,0.03833865814543376,0.2341463413491969,0.6917808218388378,0.5815738962415405,,
IDRiD_74_2048_3072,0.8315217391130535,0.7272394880904117,0.328947368348915,0.20380434777070533,,,,
IDRiD_74_2048_512,,,0.24637681150493593,0.1404958677105389,,,,
IDRiD_74_512_1024,,,0.47808764921191726,0.317460317292349,,,,
IDRiD_74_512_1536,,,0.25124131081175566,0.15176964606168147,,,,
IDRiD_74_512_2048,0.0,0.0,0.0,0.0,0.49388468257152346,0.35084815886012216,,
IDRiD_74_512_2560,0.455209024546049,0.29748482219778866,0.17085119411601804,0.3072687224331202,0.5343383584533674,0.3906919779487034,,
IDRiD_74_512_3072,,,0.4886267901862993,0.43154761898340066,,,,
IDRiD_74_512_512,,,0.0,0.0,,,,
IDRiD_75_0_1024,0.6235632183858272,0.550761421312031,0.3326784544750269,0.25944841673853686,,,,
IDRiD_75_0_1536,0.7102237350018255,0.568589658377186,0.5460614152020674,0.4162849872561687,0.5198954400081355,0.49338478497831395,,
IDRiD_75_0_2048,0.6951514706935555,0.5914253619533735,,,0.3186698995386675,0.1997394702475146,,
IDRiD_75_0_2560,0.5404785026879095,0.48418222080853873,0.0,0.0,,,,
IDRiD_75_0_512,0.48897134610412346,0.9949664428695497,0.0,0.0,,,,
IDRiD_75_1024_0,,,0.0,0.0,0.0,0.0,,
IDRiD_75_1024_1024,0.6823949437898278,0.9444444444318317,0.24784853699663173,0.20701552615255803,0.6672879776017108,0.5379413974051133,,
IDRiD_75_1024_1536,0.0,0.0,0.14814814812429178,0.09766454350368056,0.1355932202815283,0.07272727269421488,,
IDRiD_75_1024_2048,,,0.6395881006499091,0.8573619630586868,0.20160446459010797,0.34445768768242463,,
IDRiD_75_1024_512,0.0,0.0,0.0,0.0,,,,
IDRiD_75_1536_0,,,0.793689320292028,0.8537859005603692,,,,
IDRiD_75_1536_1024,0.6897535139399114,0.5611534636870682,0.1150837988762523,0.06552162849455968,0.281355932187494,0.17008196720149713,,
IDRiD_75_1536_1536,,,0.0,0.0,0.2365591396577639,0.1341463413816181,,
IDRiD_75_1536_2048,,,0.02112676055594128,0.011152416352731443,0.0,0.0,,
IDRiD_75_1536_2560,0.12001617468564482,0.3828689370287477,0.17081850530768355,0.3582089549565605,,,,
IDRiD_75_1536_3072,0.2307778399543713,0.6603330486622474,,,,,,
IDRiD_75_1536_512,,,0.5079197465412925,0.4953656024206627,,,,
IDRiD_75_2048_1024,0.8383384566813404,0.8963424911360806,0.6222910216477442,0.5227568270141251,0.0,0.0,0.7853660678958875,0.6960685091421092
IDRiD_75_2048_1536,0.35655659476318846,0.297357529439753,0.3752185860510812,0.3248269896053276,,,,
IDRiD_75_2048_2048,0.37094430991837907,0.9999999998694518,0.5786101527561059,0.42199856215514026,,,,
IDRiD_75_2048_2560,0.2912828225838736,0.7801275595575654,0.0,0.0,,,,
IDRiD_75_2048_3072,0.8344366597632754,0.9834597875544171,0.3863275039438531,0.26413043475389886,,,,
IDRiD_75_2048_512,0.6064265043378584,0.9751283696891025,0.3116076970632149,0.21163575040374064,0.12121212108968474,0.06451612896288589,0.0,0.0
IDRiD_75_512_0,,,0.0,0.0,,,,
IDRiD_75_512_1024,0.5277440705953916,0.46053138235539987,0.2864596921396697,0.38072122050064344,0.7920196009745045,0.7344845494581345,,
IDRiD_75_512_1536,,,0.4496065942132032,0.41695621956796686,0.5284738040601007,0.36786469340720246,,
IDRiD_75_512_2048,0.5921742638112772,0.9552316501573339,0.0,0.0,0.7621255349364814,0.8162719632996077,,
IDRiD_75_512_2560,0.8032384881833979,0.8213006447439202,,,,,,
IDRiD_75_512_512,,,0.5494830132127795,0.4757033246865209,,,,
IDRiD_76_0_1024,0.0,0.0,0.0,0.0,,,,
IDRiD_76_0_1536,0.3359999999983807,0.2563800838401384,0.0677290836518468,0.049853372419397836,,,,
IDRiD_76_0_2560,0.0,0.0,0.0,0.0,,,,
IDRiD_76_0_512,0.0,0.0,,,,,,
IDRiD_76_1024_0,,,0.0,0.0,,,,
IDRiD_76_1024_1024,0.222515391377565,0.14147250698711142,0.30973871733231023,0.22154264355346442,0.7879580551139534,0.8201184562436945,,
IDRiD_76_1024_1536,,,0.4877049179328473,0.3409742119366836,0.8376106194628494,0.7266794625626785,,
IDRiD_76_1024_2048,0.0,0.0,0.08364544319078368,0.05185758513530514,0.49200438115022993,0.3737104825166819,,
IDRiD_76_1024_3072,,,0.0,0.0,,,,
IDRiD_76_1024_3584,,,0.0,0.0,,,,
IDRiD_76_1024_512,0.0,0.0,0.22319956019177573,0.2761904761716877,0.5406965174075552,0.8798575129248751,,
IDRiD_76_1536_0,,,0.0,0.0,,,,
IDRiD_76_1536_1024,,,0.4366872005176805,0.3482532750711514,0.8798914060996073,0.8424307609496958,,
IDRiD_76_1536_1536,,,0.0,0.0,,,,
IDRiD_76_1536_2048,0.006708907938624342,0.0033657442033146693,0.15717092334829647,0.3539823005716971,,,,
IDRiD_76_1536_2560,0.8474520994631272,0.990659550114551,0.4945054942337882,0.459183673000833,,,,
IDRiD_76_1536_3072,,,,,0.06546929316148699,0.033842467803718405,,
IDRiD_76_1536_512,0.08346269746978849,0.043606870228591534,0.5383982897461207,0.6542765787108603,0.7453316864001647,0.898248686499155,,
IDRiD_76_2048_1024,,,0.7513283740302164,0.8192352258610388,,,,
IDRiD_76_2048_1536,,,0.0,0.0,,,,
IDRiD_76_2048_2560,,,0.0,0.0,0.0,0.0,,
IDRiD_76_2048_3072,,,0.050139275752050336,0.025714285706938775,,,,
IDRiD_76_2048_512,0.6232536479305864,0.4663724009703058,0.591512626904673,0.5798876977754013,,,,
IDRiD_76_512_0,0.47264770239222736,0.31382316312520453,0.0,0.0,,,,
IDRiD_76_512_1024,0.5711994166928822,0.5556816569647371,0.13315217390852066,0.08085808580524513,0.5903968642677512,0.4435038645401729,,
IDRiD_76_512_1536,0.2752414398534846,0.16147308781453842,0.3903345724544298,0.28037383173826785,,,,
IDRiD_76_512_2048,,,0.0,0.0,,,,
IDRiD_76_512_3072,,,0.12158054709398472,0.06482982170748301,,,,
IDRiD_76_512_512,0.5215242554230521,0.41623417063698914,0.007481296757638323,0.003841229193095952,0.7041916167242999,0.7646293887172134,,
IDRiD_77_0_1024,,,0.2899543378664436,0.16955941252742865,0.006349206347190728,0.003184713374781938,,
IDRiD_77_0_1536,0.0,0.0,0.011695906425908826,0.0058823529377162636,0.5671641790827722,0.4100719424233496,,
IDRiD_77_0_2048,0.0,0.0,,,0.0187793427185964,0.00947867298353586,,
IDRiD_77_0_2560,0.6495711301691055,0.5527569775315576,0.04918032782854072,0.0306122448667222,0.20979020978383126,0.11746680285606174,,
IDRiD_77_0_3072,,,0.6021505375049139,0.44164037840957715,0.0,0.0,,
IDRiD_77_0_512,,,0.0,0.0,,,,
IDRiD_77_1024_0,,,0.0,0.0,,,,
IDRiD_77_1024_1024,,,0.0,0.0,0.0,0.0,,
IDRiD_77_1024_1536,0.0,0.0,0.28034188031791946,0.16803278686802944,0.8483522569901735,0.7630268008331024,,
IDRiD_77_1024_2048,0.0,0.0,,,0.48279386711272926,0.33626008542154107,,
IDRiD_77_1024_2560,,,,,0.0,0.0,,
IDRiD_77_1024_3072,0.7447058823383391,0.7648006443509948,0.8358208953441746,0.989898989399041,0.0,0.0,,
IDRiD_77_1024_3584,,,,,0.06369426751085236,0.0328947368394001,,
IDRiD_77_1024_512,,,0.0,0.0,,,,
IDRiD_77_1536_1024,0.0,0.0,0.06370370369898491,0.04847801577807463,0.0,0.0,,
IDRiD_77_1536_1536,,,,,0.6294586655212145,0.5053908355454588,,
IDRiD_77_1536_2048,,,0.5390243901781678,0.41308411207232076,0.0,0.0,,
IDRiD_77_1536_512,0.44512257145310624,0.3148201438803623,0.20102505694188427,0.1120634920599345,0.5017301037975479,0.3533138401473364,,
IDRiD_77_2048_0,,,0.0,0.0,,,,
IDRiD_77_2048_1024,0.0,0.0,0.14165261380410582,0.07622504535821688,0.557737893662735,0.40048632218358066,,
IDRiD_77_2048_1536,,,0.5614035087015785,0.9999999995535714,0.5730971383964747,0.4127874368925186,,
IDRiD_77_2048_2048,,,0.0,0.0,0.6832760595451525,0.5507848568536111,,
IDRiD_77_2048_512,,,0.08355091383266638,0.0435967302422618,0.013588110403204698,0.006840530140988449,,
IDRiD_77_512_1024,,,0.0,0.0,0.0,0.0,,
IDRiD_77_512_1536,0.0,0.0,0.022388059698707954,0.014705882350538255,0.5793411956056147,0.4218287338598731,,
IDRiD_77_512_2048,,,,,0.5424979673491619,0.3788103764487832,,
IDRiD_77_512_2560,0.0,0.0,,,0.25150060023632204,0.1447073044354221,,
IDRiD_77_512_3072,,,0.5438786564957878,0.41833333326361116,0.0,0.0,,
IDRiD_77_512_512,0.0,0.0,0.0,0.0,,,,
IDRiD_78_0_1024,,,0.0,0.0,,,,
IDRiD_78_0_1536,,,0.48568950559534346,0.33816425116688836,,,,
IDRiD_78_0_2048,0.0,0.0,0.2678843226652519,0.15932407965242462,0.05678233436694563,0.02922077921129195,,
IDRiD_78_0_2560,0.6876533115149703,0.5243142144474965,0.0,0.0,0.6006520585290723,0.452220573119623,,
IDRiD_78_0_3072,,,0.0,0.0,0.18661971827700358,0.11111111108781738,,
IDRiD_78_0_512,0.4847859721255912,0.32258064513915025,,,,,,
IDRiD_78_1024_0,,,0.0,0.0,,,,
IDRiD_78_1024_1024,,,,,0.0,0.0,,
IDRiD_78_1024_1536,,,,,0.0,0.0,,
IDRiD_78_1024_2048,0.20593525179801647,0.1148005072097113,0.016042780744373587,0.008086253367092653,0.5290029066026918,0.3741508759318171,,
IDRiD_78_1024_2560,0.22424045842551366,0.128151260502618,0.0,0.0,0.7546824636259487,0.7398582287066371,,
IDRiD_78_1024_3072,,,0.0,0.0,,,,
IDRiD_78_1024_512,,,0.697674418537047,0.5564142193884986,,,,
IDRiD_78_1536_1536,,,0.40712468183024814,0.34482758605826397,,,,
IDRiD_78_1536_2048,0.0,0.0,0.5549318363628764,0.4245398772485227,0.6830808080592462,0.6475164571725005,,
IDRiD_78_1536_2560,0.0,0.0,0.0,0.0,0.5560361777209581,0.41176470585837127,,
IDRiD_78_1536_3072,,,0.0,0.0,0.0,0.0,,
IDRiD_78_2048_1024,,,0.0,0.0,,,,
IDRiD_78_2048_2048,,,0.46666666661805556,0.32796486085974164,,,,
IDRiD_78_2048_2560,0.0,0.0,0.0,0.0,,,,
IDRiD_78_2048_3072,0.0,0.0,,,0.3483146065458907,0.21088435359803787,,
IDRiD_78_2048_512,,,0.0,0.0,0.0,0.0,,
IDRiD_78_512_0,,,0.0,0.0,,,,
IDRiD_78_512_1536,,,0.6128364387965142,0.44179104464424146,,,,
IDRiD_78_512_2048,,,0.9204478490913113,0.9231678485906422,0.8355188738513647,0.7998315553028,,
IDRiD_78_512_2560,0.15786745649642453,0.08683610296442786,0.4963099630538459,0.3892908827222445,0.7614085217234482,0.768252353088645,,
IDRiD_78_512_3072,,,,,0.43136272544009613,0.39243391064756455,,
IDRiD_78_512_512,,,0.6867305060620068,0.8422818789119859,0.5856622113504664,0.8892988926607752,,
IDRiD_79_0_1024,,,0.0,0.0,0.2706766917089717,0.15665796343284089,,
IDRiD_79_0_1536,0.6232123212264098,0.753658536568655,0.0,0.0,0.008080808080263919,0.004056795131571548,,
IDRiD_79_0_2048,0.7046632124288277,0.5773871592346583,0.0,0.0,,,,
IDRiD_79_0_2560,0.6537510962272349,0.7710631895638724,0.0,0.0,0.6137787055726744,0.4481707316389984,,
IDRiD_79_0_512,0.8287759484550552,0.9868735083363983,0.14750542296149557,0.07962529272139922,,,,
IDRiD_79_1024_0,0.6777777777728876,0.5445797101386135,,,,,,
IDRiD_79_1024_1024,0.0,0.0,0.0,0.0,0.7329666972140775,0.6527891156373771,,
IDRiD_79_1024_1536,0.018867924524741904,0.009523809521995465,,,0.780703465309273,0.7488151658674381,,
IDRiD_79_1024_2048,,,0.0,0.0,0.7543082225463411,0.8694665153125304,,
IDRiD_79_1024_2560,0.0,0.0,0.4588382782925684,0.37346938772969596,0.8708692182789785,0.8957885203164508,,
IDRiD_79_1024_3072,,,,,0.7818713115178945,0.6776916964573133,,
IDRiD_79_1536_0,,,,,0.5841995841793417,0.4561688311441467,,
IDRiD_79_1536_1024,0.26073805201873146,0.17233106756608033,0.5463659147413228,0.42357512947881154,0.7280944011868418,0.6092436974533931,,
IDRiD_79_1536_1536,0.14445271778522317,0.07784911716871194,0.0,0.0,0.815375386459288,0.729712987814455,,
IDRiD_79_1536_2048,,,0.2017543859427901,0.1127450980253989,0.792639999998847,0.8437693546363069,,
IDRiD_79_1536_2560,0.0,0.0,0.13003452243210387,0.06971005551698271,0.9406968005996823,0.9132310939994001,,
IDRiD_79_1536_3072,0.8518080307592553,0.8271578342608993,0.2578124999874115,0.1914430746779229,0.7745833923416976,0.698549655150857,,
IDRiD_79_1536_512,,,,,0.0,0.0,,
IDRiD_79_2048_1024,0.0,0.0,0.0,0.0,0.7296647333324422,0.6048311444511062,,
IDRiD_79_2048_1536,,,0.6354775827221292,0.5469798655882617,0.7636014800576826,0.699736280291977,,
IDRiD_79_2048_2048,0.0,0.0,0.0,0.0,0.6996890592208413,0.5949701777003322,,
IDRiD_79_2048_2560,0.582529362413053,0.4155756714265312,,,0.870854417706441,0.9269384275566185,,
IDRiD_79_2048_3072,0.0,0.0,0.0,0.0,0.6170798898037626,0.46411403944584684,,
IDRiD_79_2048_512,0.0,0.0,0.0,0.0,0.8842105262311759,0.846153845998873,,
IDRiD_79_512_0,0.7024141695899258,0.545197740102727,,,0.7226890753266012,0.5771812076663213,,
IDRiD_79_512_1024,0.0,0.0,0.00437636761456044,0.002192982455980045,0.40988671472005,0.2585534863521318,,
IDRiD_79_512_1536,,,0.0,0.0,0.6268980477138436,0.5079086115881392,,
IDRiD_79_512_2048,0.0,0.0,0.1178707224110512,0.06262626261361086,0.696637703046909,0.7114197530589731,,
IDRiD_79_512_2560,0.5961956521577121,0.42469996126888504,0.0,0.0,0.748556575343895,0.6709967421309291,,
IDRiD_79_512_3072,0.8293067226672977,0.9137731480952677,0.0,0.0,0.7054168372123698,0.5559139784826685,,
IDRiD_79_512_512,,,0.269010043031958,0.15605493132933604,0.6260704090745889,0.8726790448613583,,
IDRiD_80_0_2048,0.8624411491501058,0.7815638242248705,,,,,,
IDRiD_80_0_2560,,,0.0,0.0,0.0,0.0,,
IDRiD_80_0_3072,,,,,0.0,0.0,,
IDRiD_80_1024_2048,,,,,0.1931193986645528,0.11360544217300662,,
IDRiD_80_1024_2560,,,,,0.0,0.0,,
IDRiD_80_1536_1536,,,0.8192090393166076,0.7213930344669687,,,,
IDRiD_80_1536_2048,,,,,0.0,0.0,,
IDRiD_80_1536_2560,,,,,0.0,0.0,,
IDRiD_80_1536_3072,,,,,0.3893536121376917,0.25702811242399315,,
IDRiD_80_2048_1536,,,,,0.0,0.0,,
IDRiD_80_2048_2048,,,0.0,0.0,,,,
IDRiD_80_2048_3072,,,0.0,0.0,0.44094488182032365,0.2828282827711458,,
IDRiD_80_512_2560,,,,,0.0,0.0,,
